1010
53 11
19871 45897 2478 60488 1061 70968 67042 56156 61098 42293 27198 
2297 17
32352 98491 19238 67018 61759 74118 54343 20451 72402 48161 5511 6718 42504 70960 26037 34902 44219 
8149 10
16863 79950 87508 71560 59349 39297 11281 46288 42728 88199 
9566 10
52477 57624 65721 48216 76358 44518 60741 85657 3302 41865 
1760 10
5901 39132 49620 14830 22422 40929 58487 82880 46805 28953 
8696 20
35619 45104 44776 86267 17085 89554 3876 87902 38304 24855 77630 82092 78115 2284 82577 94634 66416 42488 5076 65791 
7305 11
23444 89141 17735 27769 569 31000 71052 41276 95997 16103 80227 
122 10
89613 22078 37843 98090 47800 78834 12344 70053 13385 55902 
111 14
70445 1692 38153 55457 20320 15253 61427 1559 40466 79430 45472 8792 78382 97759 
1864 14
30623 34568 78112 35086 80808 46864 18625 94551 54703 96511 52248 22717 43957 33943 
7989 14
22925 6800 31099 46874 12877 34694 46347 25304 39418 86559 92114 95793 33147 4181 
5134 15
91032 93992 97031 41345 78271 77120 73307 68890 41570 6727 98153 79664 97582 10421 62796 
1549 11
52239 47431 78457 39536 92602 36648 5245 52007 61854 98461 25013 
6754 12
48874 16462 73946 69574 57188 6136 64971 54195 47046 9716 60674 38055 
2359 15
9508 55889 14067 60259 78319 30503 98686 63497 83803 19053 20678 28632 12451 52615 85810 
2610 20
1382 65479 61304 49113 77032 48043 39325 89240 66708 4174 7820 74761 25060 53356 30494 52297 11071 10458 48745 71113 
2006 13
94498 96323 16873 36998 3964 20664 88446 79411 27157 42790 96719 75657 42447 
8384 20
29310 76168 27699 71023 79781 90223 84313 24067 67329 15212 84933 67804 45614 54344 4986 37923 69826 34713 81966 89482 
4193 12
82470 16068 8596 51587 29869 52011 58278 97482 99564 34675 49397 24403 
9829 19
56041 83501 86822 88487 64120 77453 20136 75869 3990 47730 21391 97558 32779 67231 1070 11205 47315 51779 70861 
2863 9
58684 99870 11046 70638 855 51663 30562 19056 72313 
9092 14
27133 70866 56179 39395 52279 14736 59636 33002 43902 83350 4727 61446 50047 14305 
1559 13
48838 83093 90715 51878 52328 13735 44809 57844 91615 49428 21448 94008 32310 
8738 17
34438 20614 68221 1081 46844 42857 89237 2052 92795 33701 88550 485 69069 47390 10840 36519 41936 
8758 16
13373 66675 45583 57507 17985 18403 74958 51760 95727 5445 88026 60299 49244 24925 68057 36492 
8530 20
11503 81373 87719 5892 26138 53582 59089 88957 32631 2304 20859 16064 42760 19448 98024 99723 22968 96213 27044 82458 
8691 20
48126 46058 1012 33992 55052 80049 35565 87419 18437 15480 78477 20152 50247 78715 55714 29434 85175 15371 11153 59290 
2882 12
16292 6626 34082 78934 24478 34255 48828 54090 7897 83698 130 65860 
479 12
65438 31568 15780 13011 90023 95650 77731 9176 95716 4191 98692 15992 
6897 19
56907 95402 83304 28038 71074 14860 10856 3932 87937 54263 6564 43423 14925 48793 75602 16476 73295 54084 37550 
115 10
76397 58775 15264 96238 44635 99249 50746 55235 5443 60419 
627 20
74570 6016 49106 41993 94802 39432 20137 76493 13907 46427 61874 92874 60226 60962 18989 17668 47618 75802 52170 38799 
7791 18
23942 27113 54133 35109 83007 41427 75810 87331 49959 81321 87958 48237 26638 84014 32187 91641 81874 93181 
5804 17
94485 99751 90819 91571 51893 4467 68128 41712 8105 22763 48473 62136 8102 62289 5917 30618 34521 
3546 10
83879 46983 76616 55898 55536 92353 84271 46114 29226 46370 
2143 12
15678 17145 18889 34395 67372 79592 87144 21511 28330 86761 98833 21501 
4330 11
96715 71274 72368 96206 60050 2290 80442 97836 87042 6287 52496 
7368 10
56298 83691 14375 91433 40763 15296 10925 11093 18208 67270 
6644 20
89990 62465 5281 47332 52990 87633 79918 60249 35676 34217 91504 2164 10816 32722 59710 43182 39066 67532 73905 34688 
1296 11
80466 19174 88340 88752 28937 9005 26826 95303 84642 45191 95991 
8728 18
71936 35203 33260 69082 65433 50050 87702 32405 56671 10134 74374 73194 74978 35881 72584 18116 81479 15654 
9918 10
63551 71772 47523 14457 27484 83949 61821 79933 49584 31825 
1351 11
89302 21165 47154 31055 36187 28930 19843 91501 59813 2942 36129 
3216 11
81216 74598 74588 70762 20333 21563 14944 79179 9436 72361 66583 
7021 16
8126 69638 66024 19902 71524 34954 71094 39880 15673 84776 65056 14586 93967 58903 78444 86633 
6202 14
35878 47571 3489 73534 70036 69527 37978 87037 92835 18657 81666 32439 26051 88430 
5771 19
86501 33122 1209 28069 24242 99914 72219 64988 59863 66534 3612 93974 75809 79899 54432 93188 49265 33987 61655 
5348 18
2519 30289 22038 37958 21795 43951 27669 16521 30371 60666 44592 63951 6144 42335 75228 92159 70428 9820 
5020 12
72364 56306 61717 28296 24078 84053 23908 97385 71679 34753 70976 11335 
399 12
5704 5660 36203 59660 55849 58319 86560 72616 44405 92949 16700 83483 
6063 20
54575 67622 67848 78200 9552 95598 41516 96428 79788 1266 85987 48962 51504 36058 66962 28199 5828 91877 9218 50947 
3612 10
12164 75570 74097 94125 16598 22854 26970 15834 60652 25134 
1448 14
89811 53233 91418 45379 95566 14370 97191 46160 88725 92889 88507 45990 61385 52876 
1653 18
37098 38343 94606 23427 57035 29400 96842 94978 91818 93600 28095 28629 53375 28621 32573 13447 98634 85842 
2415 15
17257 74055 95638 94287 27490 83554 4557 80257 17962 42484 53402 36089 45738 86608 46548 
5339 19
74857 8649 63380 97317 93773 61805 72427 57668 56296 82022 11166 58639 40789 57166 68007 42866 21895 58878 12125 
3124 14
99244 31431 99456 1683 57835 79809 42065 11593 4303 89360 88888 45851 24803 7441 
6871 20
40071 599 47629 87851 67662 31515 12282 59306 42836 75548 36149 80127 74615 74736 16615 59246 66013 21581 39044 13601 
1109 10
29735 70282 78813 65141 25962 74628 83089 14698 61713 38329 
5002 12
23352 31469 26815 79017 56284 4951 79583 10707 62072 18834 62394 74901 
794 10
74291 19230 26937 19564 94453 81411 19740 14396 9991 64596 
6313 12
93797 31659 43265 78987 82829 28797 67578 11942 40845 71033 55835 87162 
1427 11
16915 98986 40047 8827 56741 82504 7576 36020 86916 75006 87619 
8981 10
73258 36381 15079 52999 53912 87611 11981 89217 68881 92873 
917 10
97211 85545 29121 38274 99771 3449 59516 44084 33126 60729 
3679 17
43919 30290 53944 77953 73279 33897 32628 49586 15648 91484 54193 20209 39446 8895 23169 73820 64846 
752 17
30917 12133 28446 16350 55619 93744 18064 61302 70551 31700 72792 39254 94303 81483 26416 43031 91548 
416 17
27052 96196 71411 80870 58698 61397 57140 78548 10280 82929 19674 84065 97542 348 1508 34561 85782 
8795 18
47816 36151 89427 30617 31898 51607 7588 75616 72714 7515 35653 81608 33606 24629 34827 20115 11887 19282 
8109 12
66840 10811 75268 5407 34450 42969 31540 23360 42782 59017 36052 52339 
6772 13
95671 19919 86445 24112 75938 62509 23500 45113 88834 90050 95512 46842 68161 
7984 19
44930 27980 57104 6981 7690 38861 57279 91557 40900 55615 78896 88120 97991 96995 83098 98660 59248 60574 56008 
1283 18
78912 89194 18163 45905 65797 29280 99157 21454 30634 38825 18667 43971 61184 34956 96458 87663 50561 9751 
6997 16
89931 98688 78792 5905 19589 40161 29304 15745 17992 87668 28159 789 87233 72751 15852 66150 
6229 10
76302 75827 28422 81657 24198 14751 61540 8106 10817 17584 
9855 20
60258 74200 83257 45533 55738 34698 84226 89198 14014 94033 64392 21342 79077 31629 2999 56073 18568 51479 24583 69233 
8260 13
8391 43255 81941 63560 47005 35133 92119 2337 83122 75316 3518 59725 87805 
906 11
60103 51287 44052 11604 24241 36627 87150 2770 75208 73612 46263 
4439 18
6785 40174 54368 72389 91600 10386 75771 75100 20796 39744 13903 11204 24579 65954 42593 99588 30114 9881 
1195 13
9331 14934 67451 34 58034 12925 16525 81708 60713 65784 61163 99673 79555 
5023 19
71227 57179 42712 75447 32205 66078 8667 54788 85676 13803 72850 31201 82184 73933 50887 5825 90649 87136 44869 
9486 17
77993 25214 29781 88324 29916 88042 144 96171 85828 42294 1142 3667 13021 47863 25217 50136 81616 
3548 11
40089 7620 43615 85798 98495 18494 15037 49240 69461 72581 62046 
2786 14
37310 15562 29626 88803 99560 10714 7537 53376 38790 72419 55427 25368 27246 34993 
1659 14
6279 53843 75181 66551 60276 19804 50300 56181 17025 42808 55938 76475 35568 43695 
7358 19
8226 41726 81897 46729 65508 65619 36550 63957 45114 59605 34271 81543 47834 46203 30585 67570 34122 51487 88944 
4138 19
7028 92204 45568 17444 74424 68663 55497 97831 57207 16048 41421 45495 34073 96595 37046 67693 59332 57000 6958 
6953 16
4460 44169 71259 13413 40597 2391 45821 6931 54548 67642 46259 29728 66523 84887 52169 46501 
462 16
11995 88288 65678 36094 36722 92412 96865 12322 82077 31505 72407 29109 84319 76817 73681 45164 
661 20
48941 87312 32402 83190 46618 77606 50977 25973 15297 26557 49350 31489 55860 41272 44823 15973 86001 9112 5110 66405 
9100 15
40503 79050 41747 67500 72373 1905 11852 53450 58793 26345 14179 24333 48829 6610 28665 
7175 12
66907 75263 28784 39305 23413 28230 17709 96386 68888 4082 14897 55577 
8283 17
21288 75797 34666 69572 52552 81890 94482 96375 29584 93762 84177 91275 77395 778 93624 75951 13885 
1349 19
28366 22375 94002 45850 11511 19353 74174 82237 75381 17539 56202 42110 32056 50069 8164 86640 63894 44508 75694 
6386 10
11094 19711 2109 49757 67054 59511 71764 17594 22813 9874 
8050 17
68239 93694 18693 42059 37194 39647 50751 70363 63540 12728 813 24179 36105 88971 63265 3975 78373 
4112 17
572 27645 65305 35584 7423 49884 67144 30218 88453 95395 72854 20577 8516 8967 68058 46917 13957 
5810 13
78145 7993 28584 21603 78493 86804 63360 61998 92677 51085 74309 74884 81225 
5263 17
73291 34601 15260 64389 38744 35600 83457 36344 21385 805 41725 37405 63602 32725 78398 27573 90365 
1737 18
11483 75184 75599 7055 24216 38352 41108 1912 35667 75169 18610 63090 10209 39513 96574 74518 28258 7610 
7555 11
80645 59433 9913 34991 98853 49271 33388 28735 93960 62262 31057 
5569 13
64850 34230 84254 59384 3796 62797 42224 9565 17805 83966 1429 54440 49204 
6979 19
89839 41474 32591 40294 57859 71799 71246 93347 41412 21211 30325 25493 15498 8991 43631 3425 18600 22906 76206 
6636 15
42641 997 71874 5454 54092 97223 34089 1816 60066 95361 75695 47875 47982 88953 32592 
2919 18
66105 2194 92778 54171 36953 45296 26334 37464 81202 22402 832 36354 22673 86866 41339 35907 43217 43173 
6338 18
99700 12190 60792 87196 95615 90076 14542 24605 84191 50679 68607 73241 28228 45550 97460 85867 3993 87956 
9948 13
4624 24599 90758 23869 74943 15301 10231 7578 78907 83858 60007 44866 55894 
2977 13
55942 3911 26975 15505 5806 59016 22277 93384 51874 12353 17198 1255 2309 
7494 12
623 10857 41288 10663 79302 90878 36353 70468 51017 76735 85508 4463 
1348 17
19371 53262 13098 39422 90465 58518 6111 27379 41574 65834 10838 56091 90943 73329 9142 55706 81953 
9460 13
2404 22338 72555 66906 87693 87181 10043 94677 3868 19632 60724 27752 43007 
2097 16
71974 13950 4479 36914 56512 59220 99396 58614 95184 70408 55915 30639 19472 72902 35119 84576 
2737 19
1780 35484 13839 78710 64827 77444 89450 43703 40330 46156 3905 80130 33748 31512 9560 3325 25708 87118 78758 
4924 18
92541 59614 93078 48782 56151 13354 87012 66749 44645 21951 44115 66609 99110 59889 33792 71417 66797 6532 
350 11
16689 4757 28363 2565 10810 43238 77936 8204 39345 55647 34408 
6760 18
58782 18940 39307 55649 84077 77028 92406 62767 98616 10514 85057 950 1126 76560 44692 65570 55458 52244 
3993 15
47019 56292 58199 92861 21837 89549 63237 57768 4313 22861 80554 60365 50285 90129 43520 
9061 10
97758 6623 14719 47228 34454 40717 6237 97493 42091 36314 
8505 19
51950 91543 75626 82264 70781 63958 99498 40259 80284 10869 86182 35399 62215 4848 44883 68405 68816 53693 64527 
7956 16
23650 83790 34990 86621 25103 2365 19498 11082 59305 43098 99270 76310 39793 8361 89710 91358 
5912 16
58401 15943 77245 7871 88435 63121 99381 14229 56772 17694 36075 35156 13665 55233 96622 4145 
9218 11
71906 23172 41448 8590 70639 27311 24201 68963 35538 89612 50339 
5853 17
45690 74745 69503 15189 86337 95766 35992 74376 46472 40237 98161 7334 52055 26098 78738 71022 51319 
9316 16
5807 70147 99852 47309 82906 37623 47249 75727 83085 33100 43322 78016 42636 19434 85069 23358 
2394 19
47576 34607 94214 40639 96142 36757 83514 1998 63799 25967 43263 95029 73569 6758 20575 12871 36193 9796 29201 
4637 19
63609 28299 26142 46712 95262 16353 59528 50684 78679 72198 48895 36055 96659 67409 54237 89342 58115 89102 20123 
526 14
87714 67485 29292 2504 33586 16110 98157 9200 69570 54307 62761 16735 33981 1491 
6054 9
4824 58795 69265 4114 19734 63110 15284 52082 61539 
7010 13
3374 50049 76342 73618 32844 36326 84419 76992 6527 88013 33506 7866 9494 
7285 12
40018 63576 89313 26738 11089 73564 5389 69891 83724 81492 65547 24772 
2504 15
449 22770 34013 53082 33155 70525 86931 83227 56410 7223 95592 370 67989 48916 24035 
8518 12
85977 38231 56852 92374 97852 41806 36836 11461 22438 97315 1534 48724 
9027 13
80014 57018 65839 672 33279 66363 7339 7881 32154 87363 58873 65327 16771 
7445 10
54006 15917 34472 19351 80365 80625 85554 84320 15716 33977 
5510 14
66083 80974 15448 35068 45455 23029 61620 49426 63147 67104 69642 78494 77436 64469 
3907 10
14146 45631 92245 99279 42943 34950 58981 27219 33825 39237 
5851 20
8445 79965 3982 23556 21720 87530 56563 30381 12513 17291 95728 45502 85653 3163 21555 35601 99002 21719 50129 16980 
2510 12
20151 88952 51299 410 90510 94567 68356 58544 39652 58393 19813 70989 
8314 12
56962 8642 63791 26183 3608 2974 49592 15104 41770 68776 41045 13404 
1356 20
83283 52190 15920 73445 49706 77787 89796 40507 56979 61543 74453 1718 98328 70779 66975 63860 57786 7850 74656 13975 
156 11
13469 15885 65197 1251 54977 73296 20438 46885 42859 47307 36043 
6253 18
51545 43682 10342 66108 98355 77863 34810 71436 51490 43797 83025 25956 9713 56995 98882 51496 1822 96307 
561 17
96955 95256 53763 74585 62468 97761 8806 97800 8987 99897 85188 81332 72772 51002 51720 25871 58923 
322 13
37233 86071 22915 26229 52127 65870 72500 6746 11553 24630 98762 96607 47789 
7308 15
10896 21713 75913 48460 67249 11678 56598 78871 24598 24479 38808 97823 29482 31752 40867 
6493 10
18975 82563 75107 88148 56683 17080 80393 92547 95151 24233 
4194 13
40861 16943 13128 73906 53815 56177 77193 66263 54420 21300 23520 7184 19288 
2848 14
31963 69102 58578 43702 98293 94845 33192 77165 28308 28054 65442 74347 83820 50366 
4614 13
4248 59414 38614 92694 6797 80231 11040 96201 44479 89416 90052 32798 76366 
8056 13
31110 63827 35890 3561 75487 45770 24457 19817 87430 34361 17128 96476 28167 
8178 10
9401 81080 40436 45833 4923 53621 40020 50605 50677 96730 
7038 15
61179 99644 64379 87874 80352 22970 34793 74706 3068 11272 45102 70019 43484 16268 19777 
2901 19
21422 6452 19814 20707 25691 55482 32616 94766 67673 12040 88634 58807 13741 34002 32970 85111 16397 71126 55760 
2738 10
60345 90672 99070 51020 79375 85669 11467 29926 80013 87867 
7407 17
71967 84012 19051 99915 65910 88573 17054 56070 58136 75113 18397 5091 72956 90246 64217 46170 41471 
7025 10
10805 52644 5509 19809 18708 19506 81812 98482 33186 52788 
6915 11
65488 39955 36036 74797 94434 5398 42644 29988 85197 71522 85422 
6115 19
63877 83165 74708 46716 63246 1292 68866 8724 77082 28690 31377 25374 87223 30659 20120 15175 37543 61183 7852 
4496 12
65932 51627 92646 61278 53580 54582 15628 93963 95947 86869 2210 94856 
2044 20
29958 39554 69029 71861 27066 89068 25945 63471 64546 92294 79761 7230 69976 59429 90947 34336 2766 73699 63723 84863 
7261 11
80930 42784 11531 9894 56593 65000 44155 88509 78525 1049 69987 
1668 19
80410 44718 9362 36335 24030 55783 58743 88494 67446 45921 46296 40392 71723 97548 21420 77215 17657 54122 77181 
3720 15
39381 46806 19264 60814 32015 63846 94835 35343 11291 84943 31747 47043 85826 73304 41114 
1984 9
41551 29613 12902 33464 33105 92038 32744 60456 80178 
8648 15
33752 80463 5890 5663 61228 31855 85459 81295 22446 92903 41666 55376 40446 25704 15391 
2541 17
96147 57554 79040 25662 73929 12444 32094 41831 12038 54239 98796 43459 29965 19302 59039 14967 5197 
1476 17
47921 36162 67602 57158 72019 80283 96318 81097 86219 75901 67690 71712 97603 1961 97715 19419 62389 
4717 19
56201 65413 2654 29078 36568 51880 3319 86264 67252 68665 43891 61195 61563 81351 28190 26828 49956 12998 79767 
693 15
30884 79029 18233 77061 24973 66704 34392 66038 32671 38587 84908 98204 39490 52967 70660 
4284 18
20698 72299 37144 79590 23103 39219 74488 33387 94524 79501 99442 4492 84059 55489 91306 76024 95026 40266 
4386 20
55589 76411 81146 63486 27770 25605 55159 51559 8144 74910 53983 20278 58984 1441 41768 41057 51286 70149 2757 50686 
2017 17
20243 5622 94563 97604 74179 75426 76967 3036 29367 17264 23740 62087 67785 57327 59125 8443 14595 
4154 13
2105 3619 50924 26091 32941 51548 816 66068 1117 59035 63752 35994 89968 
2075 18
24782 49072 84055 68423 92693 1448 18433 18122 39879 70852 86288 50393 41424 99139 69430 39111 4859 38228 
6916 12
11809 72127 99970 50484 73880 52775 69602 41285 30454 70456 28824 1234 
4506 14
46480 38358 68459 32001 63107 98349 69560 48250 39993 93152 7121 5368 88297 9268 
5857 16
6504 40680 22716 72811 85184 94779 99699 7444 67607 86694 44471 65193 25390 58643 76320 32808 
3483 19
90279 42098 11010 87119 51336 82304 72828 94901 909 87024 94004 37523 30642 18848 91934 88637 38455 69536 1098 
1970 11
30317 80411 49785 13325 60718 92429 35806 71777 60864 22341 17137 
3586 13
57227 71835 69041 69328 44102 40780 7837 5869 43105 15365 86665 74127 66498 
5805 13
750 60441 10948 44922 26733 42579 11382 89107 38167 17515 42416 17082 70432 
4319 12
92950 88250 64662 24612 49885 83203 61789 67521 5288 28815 31577 7365 
69 13
61389 68154 51531 84681 86023 24952 65739 92147 5808 11810 61912 52387 35067 
1996 12
30382 63868 73587 26562 15683 69113 24317 33775 67027 34632 40074 83088 
4618 15
5242 12430 78103 62124 44069 49356 18713 73190 39285 56330 63734 86718 97876 99623 95468 
5532 16
77124 9624 58431 75618 36759 45150 76154 64219 20449 84803 81458 4594 70554 56444 8841 99553 
5789 17
54566 87405 50132 13429 62416 347 78124 30447 69491 15119 16737 31614 89758 61402 34964 5401 97026 
5390 20
1629 26973 91957 41659 46059 96555 76674 98409 37734 9937 80485 5053 65140 61675 83944 32506 75021 41223 6763 41258 
9108 14
67184 69876 97664 3767 2947 44442 42463 87785 10878 5784 14044 85237 45545 21047 
2339 18
95783 84827 69216 65811 86162 55998 93801 48621 82212 88562 13989 73062 5851 98479 16402 31604 63521 676 
9096 12
22767 38478 95825 41134 37455 83646 37806 56082 30748 85824 91376 35543 
3277 18
23432 19826 67204 68496 60395 39549 39314 30216 39191 18635 96648 94314 4816 32672 13431 18984 15674 29145 
9985 19
5474 86708 18118 352 81477 35989 4521 95315 81469 46976 43277 39791 57997 13262 94829 27065 44342 31641 71651 
5345 18
860 89116 15602 94530 98257 32964 24450 62392 72349 11138 17624 31374 36536 95436 90912 13629 30131 56301 
5555 16
43114 41617 26780 15588 5128 48511 40617 72557 77368 44824 52666 43089 53231 21604 3773 88406 
7293 14
12574 14667 70986 49312 39981 51647 3704 36429 78972 14763 57054 73884 13465 44087 
9203 12
24592 81842 27088 71731 83264 8470 38458 6905 8113 67814 91060 87616 
7096 13
14081 74848 51471 3912 7263 56709 98137 59961 70558 21657 37822 74167 11788 
3550 14
36462 62814 67059 38174 48062 59389 60417 30761 44797 74796 25997 9428 61815 77749 
820 18
17999 52153 81969 83119 30251 60338 20672 8452 54419 97361 27479 82097 26664 9376 44633 86250 44370 66360 
9616 10
86840 17570 99815 1364 75156 7556 16417 41559 78190 26504 
5357 15
30926 28226 86311 61566 49688 23666 61616 69433 2897 29070 41159 14299 41964 15395 86499 
4556 18
32157 40510 57800 36222 87866 37414 43049 15115 45034 972 64985 74165 54089 33926 76785 91644 64604 56560 
29 18
93750 80532 77682 66311 68449 12708 33042 69361 80009 55674 33336 68691 77350 99675 97733 50056 23600 69534 
7645 15
54916 5565 16202 10327 80297 74489 11713 51951 98631 91775 7549 33181 49720 38206 28757 
3726 13
25619 60925 84645 4363 64035 32226 36631 28561 19778 28990 85115 64529 98339 
2440 12
36019 32503 17250 95621 29022 52280 48961 273 51054 38466 44569 95859 
2890 11
60955 55383 53382 58072 64427 8520 58129 58257 87869 4120 59460 
7658 13
8891 20970 40645 25826 48988 6353 16453 55638 62112 25900 47815 31242 82620 
8098 12
20487 52912 86941 35499 83543 6241 32178 78523 48510 45918 7982 98316 
9761 10
91084 54689 97918 97684 74259 28058 91986 61586 3750 55044 
2250 14
38008 10297 87671 68845 14779 46943 19243 52198 54812 3417 3737 95542 84817 70257 
9564 16
39193 32607 38194 65091 4400 3879 47827 70424 56167 77329 94564 87438 92259 89514 36491 69604 
7143 13
45165 61091 34953 71568 81037 20580 33208 90787 82181 55892 4712 46194 35678 
490 12
88188 10519 60348 30696 39605 97000 5411 44257 737 53040 24207 104 
8989 19
6476 38628 85112 4882 50402 77555 82394 9571 51990 88693 67915 7459 81799 43675 36103 90827 36422 79068 71547 
9095 14
75822 3621 72812 18313 37934 86290 12473 93109 49484 14246 17192 86613 92928 20395 
2881 11
13893 25536 80716 96993 5967 17468 76033 43130 90360 92110 20498 
4535 18
77091 28322 69520 66425 25667 36600 7516 58582 4879 96236 81877 60973 23752 57008 17603 59703 30949 28816 
8677 19
59762 61954 69066 98603 36527 63444 84362 95939 27075 87787 86212 5765 75934 11813 57476 65537 70719 55736 54100 
787 15
93804 28454 28770 56648 68117 26830 58404 22951 18196 14260 39007 87547 65673 28862 44816 
1307 18
46815 23465 40496 72959 33850 60016 52535 1529 77218 75297 48817 37105 24787 54991 76167 82495 30185 86902 
7611 11
53390 47914 18521 77532 38709 31248 30601 72767 71784 11570 56217 
4251 10
46481 95377 16994 15036 80598 7613 49793 41937 60970 93029 
6109 10
19931 1178 71786 93430 25854 12003 61318 39924 89884 30948 
7995 15
76518 7514 78404 25285 19974 95027 30852 72285 47295 5768 64041 55364 74621 38128 96627 
5397 16
53613 46379 25888 53554 78555 3816 98963 53189 54150 71639 27789 5699 77282 94475 15078 73351 
458 16
48823 30142 15900 31129 56783 97306 52949 43977 80536 16259 11323 50016 28423 128 45076 62355 
3868 16
88866 35657 15235 78867 15483 8246 20585 93556 71860 77797 48204 36551 14853 79373 45565 38492 
9081 15
8893 82682 3001 1161 31591 86117 34619 93266 71966 55774 27930 51304 56624 36605 37630 
6235 20
54675 98310 2510 89751 51514 33564 21213 14188 78483 27975 20599 23126 10813 67868 16201 74048 89434 85956 44347 43368 
1989 13
61260 79182 39893 85142 89037 24761 80644 60870 97175 51836 64154 53033 70849 
4631 19
80045 80217 9577 49982 43970 98260 49649 66446 52408 56132 15196 40434 85608 80023 74390 6866 489 12505 63708 
1397 18
17529 14265 45733 50055 83582 56640 1422 62582 13136 29597 11232 73566 80506 18788 92248 95221 66665 36689 
6966 11
5047 31074 38473 94353 15390 19073 60597 16670 60828 910 90600 
9103 10
40936 63709 94900 98080 49435 46179 51298 38012 12231 59467 
2137 19
70379 37854 56949 23621 64790 14704 4572 44632 36726 75376 26245 46404 93795 56775 24477 75016 88626 23019 70737 
3919 11
90734 1184 21917 40245 66590 94347 4461 89941 15819 56056 69802 
8831 11
8173 935 21173 92109 73255 83003 9652 90428 8156 60767 28394 
2276 15
16594 88880 49600 40974 53887 39529 60061 28198 83080 75298 80809 50057 59168 43859 22235 
4037 15
14868 98773 10238 57868 36940 47427 81436 84441 54646 25943 37484 15345 90516 79528 56820 
8180 13
95481 61325 28946 41992 78188 54818 52039 9612 2533 75155 65147 50585 98201 
3318 12
76786 43084 69979 1598 61006 58059 15194 32281 94732 45513 22250 80271 
6957 15
41944 72670 69907 32686 23121 89883 94880 8280 35443 29776 97950 4446 93239 16211 51669 
7438 19
92491 76815 43162 1137 35463 42865 51686 50938 85581 86426 68645 50115 74677 82920 7093 59314 89848 39760 60101 
3229 15
99601 45433 43290 25510 14939 60149 43248 45081 10429 35511 9100 76434 96380 65445 74019 
9294 19
42080 72711 16973 96726 23597 68640 97076 42870 89243 7009 57516 37909 747 37479 48181 54341 87581 33522 57295 
1425 11
68541 41816 74273 90989 24556 55771 82434 44715 74693 71125 61665 
3525 19
60690 22992 53202 39839 33222 88124 26248 28338 90138 4701 9648 72796 5122 89782 54655 97816 80204 11729 99793 
7801 14
92511 74929 34242 64579 8998 53143 52343 42360 9805 66911 64401 67131 5417 46320 
9548 12
5328 33079 12593 79741 42365 49282 76966 2920 87321 90100 50610 65341 
6779 17
96152 42236 97360 81514 80698 32041 23458 26920 17379 28854 55496 41851 47812 2282 47364 64426 24773 
3698 11
91786 32312 3504 64709 18098 68347 32386 8503 82055 29770 24081 
7470 11
84931 30834 25892 47689 89688 60595 58776 24953 99819 97382 14340 
1154 19
76263 89411 4517 21593 94666 38244 68390 82830 33886 87964 22384 93107 44725 33249 45281 78403 13341 10939 36558 
6485 16
76283 21521 11795 11652 97158 49367 26082 99457 32274 85135 67793 86061 81129 95339 11608 67371 
9751 17
30671 97787 77396 94983 86798 40731 68269 36902 6374 78043 81153 15698 12414 92385 68977 67431 16176 
180 19
56086 52970 71005 98128 862 79716 3243 20863 72660 75870 84541 97815 53633 57753 65750 31588 87213 35394 54866 
5966 15
49097 54755 19845 83074 13419 31161 68638 84774 24337 37855 87237 52220 27856 71086 32717 
7294 17
9222 87816 64804 14773 92094 74403 83381 24763 83796 14520 10973 23108 1412 79261 12787 55349 21556 
2497 15
65230 17597 10644 80191 81091 90565 30941 41298 89009 2357 95546 66535 33888 86828 11387 
6212 13
62838 10024 84445 15924 35388 35386 29498 14766 52625 28692 96981 11374 5696 
7166 13
43444 35811 20255 99387 98138 86148 74754 49505 34912 60913 59221 58833 60261 
3413 10
11789 23259 7166 56065 46956 14911 82597 80404 70750 93981 
7974 13
59320 26314 27448 26355 45484 36882 71379 76647 20571 74034 46166 46572 88310 
8300 12
33813 54196 41532 62377 92704 73038 31408 60051 10836 51039 15770 9754 
2651 16
87520 7277 69343 6709 84919 33345 15485 51735 90615 34930 303 66504 87639 35995 98402 89695 
8222 11
40631 56920 89187 98195 45179 96763 80975 52797 63316 5394 32921 
5604 20
88745 9206 98615 83808 9978 26363 26512 42354 3229 21085 83291 89538 19539 63689 63423 74267 60539 98019 95456 75707 
1948 15
51547 21221 44912 85158 44627 90682 62011 21302 39560 47299 87494 27621 80843 99273 55184 
3267 16
31347 19951 74437 21116 39327 74502 6432 54747 30344 61801 37906 32751 16456 31974 91120 34595 
7124 17
50099 54052 84187 80820 33815 95164 78852 15534 84791 15911 72194 63152 43774 47497 66112 76659 11559 
9291 20
61965 53569 90997 18754 49163 67203 31620 98661 55315 21108 85620 77294 70367 28135 26874 18872 43178 28222 6043 66701 
3719 16
98025 81004 47367 34807 37449 80832 26483 7953 41713 74216 89283 90708 38987 23489 97039 94938 
520 12
24213 81727 63571 13982 61116 41348 19502 13745 90702 22444 34091 110 
7259 16
28997 72463 70983 5724 14752 76191 32807 65832 25195 44513 28395 76989 40686 14943 40291 28376 
2998 16
3616 16572 31009 41318 13822 95424 71448 88364 26160 31381 12141 54540 42006 59790 14986 26729 
8177 19
86465 62193 37076 27778 18057 61129 12332 45970 34772 72882 12082 15824 87722 47292 19949 68303 41349 30779 42461 
2590 19
59603 58315 54953 97615 34053 70859 83513 78111 45635 37688 29997 5742 48875 24522 45069 66541 90452 42927 81087 
9110 10
99103 78629 8444 67737 54757 93603 34898 4345 84142 27498 
5589 14
28172 30920 93461 16716 18607 63705 41680 8447 59911 7436 59009 68026 32515 99825 
8931 20
44975 73422 46470 5681 56908 78860 95780 19568 30542 85129 9389 68618 14462 48430 99045 14270 73278 51296 64479 79669 
6792 13
29429 7163 71996 28459 74662 5277 3160 52189 2690 37289 56258 60785 17248 
918 13
26806 50606 76152 48558 86026 49856 3345 26656 12247 92080 51025 50540 67123 
7148 15
32426 49863 8543 13913 52707 3013 4474 15901 43448 71203 71260 48396 50825 51731 52590 
6215 18
17113 4949 29973 23386 11421 16553 94148 52762 4744 24129 2140 14576 56408 67089 94517 45216 49415 96662 
3568 15
57089 38570 66803 1417 31134 3120 9324 37582 34112 5430 38169 20511 15600 40438 99956 
9686 18
12234 58585 1739 19857 67539 67202 98885 18898 4984 65300 92969 3052 66874 89718 91702 29417 65441 82545 
79 13
5547 40712 75224 20294 15601 95827 81522 68010 9743 3069 34003 17409 92238 
694 11
58055 57748 50489 56320 42094 55401 49859 62376 44731 76704 2487 
4252 19
73224 19213 86957 72729 62340 26067 73659 92372 73169 87121 48475 58654 6511 28200 41155 56397 69466 51077 34069 
5286 11
53652 84511 47790 22812 74002 33603 27086 4117 94415 60639 83647 
657 9
39742 7188 35060 62073 18766 28948 27863 42847 83887 
6673 10
73418 34572 76296 23796 50888 65766 30070 51168 42973 54187 
1596 15
79620 43430 75356 60540 25014 30880 29111 76098 99733 15116 66979 11141 5745 19531 2125 
4065 14
69141 69244 43537 90021 18030 33951 16624 59940 44996 9496 6561 86029 50234 99292 
868 19
24532 71352 20414 52243 47902 44131 17941 98580 50525 50252 89428 42156 55200 38056 4267 19436 48775 26508 4022 
3729 11
2650 91787 95081 15581 83971 25485 92769 62809 52186 11564 45274 
9647 19
6639 93830 20992 36874 22523 77077 36307 29392 69201 25354 15121 35547 14951 3723 46419 25514 24037 95318 47109 
4457 14
89928 29127 89588 48851 72070 43625 29944 10762 39188 52833 87383 13166 72866 74825 
5513 16
92024 56844 71501 87634 44137 68500 87175 49374 65210 58261 4574 75099 3443 85906 53280 39013 
9629 17
76914 33547 63036 87028 69054 51633 13258 29531 18160 50041 56195 88717 60819 1721 30591 37812 8705 
1249 8
87288 43004 60004 24923 13016 70255 10207 76800 
1504 19
89495 53279 27272 73289 60114 6788 33029 48312 55493 5201 87612 81801 36228 76629 10783 25159 95023 12996 39026 
4813 19
53605 80961 33887 79227 94508 92336 33141 80938 1619 4381 44893 81110 48889 56513 40613 46409 61968 4925 70504 
1331 14
69820 69818 38127 59676 12924 25333 72124 53581 3541 86946 81015 31281 59974 82656 
1488 13
24347 5672 94462 22695 39288 94939 1762 80258 33891 32887 97224 14619 37975 
3552 16
43720 31819 89918 68779 4127 85967 42 12167 69434 15879 53591 77022 64890 39157 46670 58989 
5065 19
32542 28614 40458 9950 71471 311 6870 20130 3096 69453 75917 99038 63892 77520 71880 28703 62380 89812 99758 
8582 14
95124 26310 31680 60342 49047 36499 73331 83989 41460 90971 78272 56004 91550 36362 
7442 13
43972 88066 83475 51910 88608 2411 75666 7033 95694 18588 31144 60742 84007 
5551 19
2017 82686 16393 42531 49872 40140 25876 2528 46752 53504 96884 2612 12935 42489 29773 99068 69726 35382 61909 
6079 16
81771 15659 16853 80276 77000 76709 22024 12844 26665 61223 97034 72673 49 49798 51612 10997 
8390 20
70232 32568 42303 48266 60519 49743 87760 1030 90866 56049 52167 83316 17788 27709 65036 18962 9561 93150 90497 44742 
8388 15
7524 92996 60592 57484 65980 93028 47698 73436 5630 93683 25618 40309 693 70556 97776 
25 12
69060 16523 31263 8959 97951 14449 60620 87786 28562 5898 26816 87370 
733 19
74547 79180 92724 39705 55817 92955 86454 49094 67770 13284 65928 10133 76251 80266 83833 95415 66261 27665 5837 
5561 18
78902 86943 89336 22333 83556 56036 45745 16694 95691 22956 46088 19769 60024 62957 63862 77839 88233 66602 
1044 14
60239 32697 36160 46398 51997 46663 35191 47616 94797 72992 14907 60159 2081 60633 
72 19
78903 86298 89314 46450 48253 91093 11162 4881 4102 54942 91784 59615 12452 17698 60433 38635 16099 63639 52737 
6152 14
28053 5991 71306 14160 6747 94538 6315 3713 75597 71362 23049 16806 24180 33034 
3617 11
48872 74355 19089 84356 91049 44752 69277 40209 23200 28124 96141 
3593 14
47659 34994 54417 67321 86790 43069 4356 93767 97806 43298 25849 98014 63730 56321 
9002 19
62316 12124 91892 52024 13716 74681 58943 86336 39863 99659 57226 2591 14234 49905 77985 31122 42901 16782 34020 
7734 18
95387 92277 95683 73853 76638 108 42257 25989 59922 16254 23806 12479 47672 90738 41152 70372 96541 10068 
7729 18
24647 28235 31058 43920 4197 6685 15638 80885 25440 16001 86053 5343 54159 31033 72099 89627 15641 74182 
5423 19
28551 27803 31739 46430 95207 35455 68353 1409 9815 55156 1773 50200 16272 94963 49455 70050 8351 21946 59012 
2111 14
29311 8110 26952 60105 43759 41618 6653 47961 10258 38453 6578 5996 60359 88323 
317 9
87192 14071 82751 5507 50601 91989 35908 47106 62775 
4164 15
87460 40738 44932 35906 4947 4903 31466 83030 32376 84170 36802 5488 29670 91515 83957 
8269 10
75850 19008 54099 99085 95653 19870 40964 92585 79907 38395 
4116 13
9338 40454 52495 28986 19149 61807 43174 30546 67788 14922 36488 70766 10414 
9353 10
37027 31682 70253 81804 42507 20075 93341 78811 53825 4698 
3764 18
51167 85103 69583 56429 71135 95518 6181 86064 75741 60695 26712 89748 84960 69806 33508 6290 76664 4642 
2973 18
34945 69762 98433 33853 14497 14362 37616 34494 48717 25017 78862 12163 33642 99807 18578 27393 61101 75883 
6977 17
66128 32183 70449 71114 50143 34286 75975 32393 26326 17293 1942 99975 97203 16614 48057 70124 99006 
4072 13
49199 82737 24964 82192 45975 79313 66899 40813 72640 79547 20232 68899 27998 
7830 13
66809 64497 77190 43505 41142 83384 7133 85147 52375 21907 51238 89960 34488 
5386 11
87326 18316 42897 50928 46440 65754 13760 65753 47129 43464 4963 
7258 14
13832 49014 66786 79746 73383 53365 66192 83588 79404 9938 80630 33015 60285 51793 
2722 13
22626 30535 63545 91360 58239 98911 75712 85352 91586 2495 75932 68648 63596 
4397 18
58227 62566 70596 57816 78149 766 18659 26663 1045 63839 88370 10042 47282 61075 41856 22832 5263 27853 
1403 11
60650 68456 55951 80403 59518 74162 58077 42019 94238 40767 8000 
8404 10
13529 44882 38866 96954 82120 37115 91728 36801 13368 58196 
9733 14
39173 58005 38374 90923 55543 16989 58337 55530 77857 25678 52738 73503 46377 4715 
242 17
20744 36153 189 19002 23468 395 70018 45438 43269 89742 48235 10942 17280 86949 78106 10820 98978 
3737 15
43158 47737 85327 59688 21489 49181 88312 12565 21407 43515 34756 68991 84845 12217 59149 
5426 16
72585 5925 19950 48107 28081 75702 89167 80817 72459 51907 8856 68419 55517 80783 45328 94840 
1241 17
29536 35438 7283 31753 25953 22364 6017 32832 86125 58465 64170 38480 99029 90313 34500 47856 33262 
1110 13
94775 46345 82667 63840 11124 17878 79216 52822 79109 81924 76657 31146 13971 
585 13
68035 95338 10728 47000 22158 90553 72114 28778 78187 62068 98225 40085 75655 
3369 10
44346 36496 1077 38612 64757 50739 19956 17204 15038 49076 
8392 14
69215 80643 41824 29951 42060 20066 99981 6519 96946 32513 95714 96203 2231 36885 
9461 15
16352 9925 87580 40413 8414 19856 78587 4073 40090 87140 63315 44422 35751 29586 1827 
2119 15
95209 45675 12283 84550 27592 88212 23288 40627 39745 4940 76818 93238 34485 10162 59456 
832 18
86392 29746 98497 26078 76482 42719 3870 4567 54441 4118 53142 17213 12923 1489 44419 85275 75680 29059 
8869 14
50700 62772 27848 25250 9550 52124 53509 38328 82758 61039 49369 87161 13964 36087 
8427 14
3442 82839 98543 79441 50819 82993 10276 43211 3291 28841 79329 63169 33516 85437 
8958 13
35279 63505 60861 406 59386 19992 60567 55120 12006 9150 37090 68824 55618 
8818 13
62386 42040 94583 70211 39943 2506 95488 294 27965 86782 18827 36626 40659 
6446 19
26401 97353 66792 68545 68205 46530 53448 69144 69387 36923 35735 27618 83774 98393 35871 99013 78839 10142 58291 
9775 16
77110 63160 77427 79094 63112 74620 61448 40064 94834 58834 4152 7553 65172 75873 51106 10071 
9017 13
91709 14022 5712 19329 60058 26768 60619 43329 91072 80430 42812 65630 95557 
7460 7
7904 50899 57650 74126 59672 27716 38039 
9028 15
33839 1506 85016 37017 90292 70946 18377 69008 75877 27682 83450 51723 71195 9170 151 
7666 18
57985 59732 69744 10829 83744 71368 43543 72848 62577 23158 64442 4587 74893 67198 35764 12676 6528 7657 
9992 16
65697 18310 63811 12834 19245 84675 24118 50037 21906 60898 2448 65970 94642 54487 28487 11896 
5990 13
24991 72817 8844 46525 30267 27051 70341 27750 71709 57778 24689 35951 63765 
1939 9
23542 7946 5946 30426 68505 75122 83143 18390 28572 
3324 12
56075 98469 49851 27589 65658 16067 6316 77126 63905 63487 23321 29258 
2086 9
71240 64126 8855 22534 69080 50175 10082 10909 21483 
1878 11
28574 48646 44655 84076 11468 55740 18070 98695 95668 54475 33312 
3799 12
88472 15914 61032 80779 15463 19530 11880 58789 51969 39530 10226 46694 
6076 15
18577 66935 8076 73316 90393 12702 50101 10124 20059 98737 19881 88709 20161 16963 31939 
8261 12
69785 52714 4281 1120 14258 4423 91973 78430 93877 36050 13211 52458 
9200 15
40998 49335 23736 5786 75076 72874 94798 90870 81025 59635 15517 8628 13319 23611 21877 
2414 11
97573 7645 85993 8296 61711 80871 72821 67102 17574 3831 44723 
9934 13
62769 40644 85896 76048 33290 31611 48939 61475 13865 42785 12599 50954 74498 
3027 11
93498 36246 62107 686 7709 94987 72139 30048 55443 26116 527 
5045 12
81929 91510 69841 96736 19538 74295 15487 47278 8168 5722 16030 59458 
4177 14
7032 76985 62027 7074 83485 53773 4981 92357 55037 7999 46104 29695 96601 46241 
3094 11
62188 10417 96483 41836 91141 19811 94442 70804 72753 26457 4876 
2257 11
37279 92596 8041 97877 53545 49709 35380 24086 83071 26567 44184 
8254 16
71939 13658 18461 67518 12813 51557 21884 88947 59811 42451 99576 82031 81783 10821 494 31572 
9507 15
47750 61625 22639 76685 37861 426 43700 82357 50520 84733 38469 13243 107 28393 46675 
2535 15
91013 214 6673 42348 30238 31798 82376 74586 89687 70731 84923 69875 11668 71440 91069 
5437 16
58359 29133 84137 62156 75118 39244 63416 40517 90727 10326 36537 70941 99313 46209 49865 37541 
6679 15
65843 32194 80781 31872 78144 67448 27102 29223 65611 82681 47119 35817 72151 36508 55721 
6001 17
73661 21401 15542 9506 95049 18285 2465 51208 16340 23407 79879 79986 93593 50160 49955 68073 44179 
3472 12
98875 95870 15701 28175 54738 92424 3501 35120 587 59977 1105 99557 
335 12
47002 51965 37895 80480 93125 67888 94501 37203 76675 29236 14122 96982 
34 15
89682 58167 34868 54026 37051 6351 88521 94768 27800 78776 66243 95869 22903 97750 83619 
5202 18
18250 60356 31782 86155 19273 21096 65496 84690 58369 62898 97824 34541 24818 87187 84619 58381 70761 15311 
5568 14
11989 65855 66563 40116 15721 70548 22644 72568 11333 86322 83113 17432 45053 67294 
897 16
3370 19537 89915 44446 35768 30177 90241 31964 62212 6362 43187 92813 64407 13632 85252 71146 
599 19
65840 77874 84613 56373 86730 12746 11155 89722 2772 70241 78333 95277 91700 23800 20019 25834 77534 87674 87928 
3597 19
40462 30212 95110 43268 15572 44464 11413 10118 37962 76133 43181 26650 84345 90342 82493 12667 73670 55285 59146 
8101 16
85863 77330 7489 19326 44892 25853 27883 9825 4386 69595 87425 46390 8586 96290 69837 87912 
5835 9
6703 24979 73781 78040 89745 48697 93577 67862 93568 
8122 10
93479 98957 6121 22757 55650 93036 99042 62802 53274 70857 
3871 16
93037 83757 34264 38562 67022 52692 98821 67314 93465 36057 6198 86380 2283 60672 29774 68647 
7804 13
10549 40986 42228 71461 30002 72232 90637 51995 50894 79845 30785 3827 55552 
3632 12
42140 34962 73286 56974 60329 55839 64088 31648 94062 46997 91017 23357 
1723 14
78751 34302 40419 93635 73071 78358 74243 8285 12887 87936 33651 33745 95946 70344 
2329 11
29778 41841 26570 63990 19110 22363 61537 66853 32615 39794 15360 
5918 10
94782 92538 74460 17453 6862 84977 33117 50371 69940 62589 
4086 9
77228 90228 78895 30170 66900 14904 46771 35575 4242 
984 17
5364 20155 38364 55512 64584 3149 10131 98443 62866 78657 26821 43392 43599 29093 73305 67207 99627 
336 13
33376 95097 68306 69547 14879 35413 708 45101 4456 4018 20031 78480 72530 
6442 16
27191 71791 82710 38770 20785 83160 11660 81761 36183 71284 73213 11172 69280 6299 52025 36383 
4402 11
12941 59661 92752 56187 15847 94612 47813 28026 31459 77337 4185 
5172 19
51447 57499 78612 70466 52269 6742 17102 52564 57587 40985 22553 863 71104 45727 8430 24432 67828 5955 32583 
6388 10
25759 33785 14052 57679 70658 78503 27325 21305 35798 6068 
9336 14
31985 4034 50935 14610 18601 7095 66404 89465 77454 95682 18473 70375 98817 69072 
5811 16
85320 74557 6893 35642 45346 50897 17872 73954 99537 13126 74209 1668 30850 72936 97719 72787 
1743 18
65475 29366 24269 20821 94296 50750 23004 11480 12591 89597 50948 87627 76602 9692 68503 12481 80002 24247 
8137 13
79951 61271 99971 93445 50711 57208 45335 17341 4070 17619 56364 23685 376 
5193 15
57071 69331 45002 31968 60938 74255 32326 84756 55715 28848 89721 78377 21798 78706 36532 
3883 15
81808 44369 73083 97903 33589 48709 52270 51928 42944 24416 73176 45299 99574 60726 22713 
3947 12
46971 40480 18930 29341 50385 92530 6863 12650 55870 97418 70178 21316 
6349 15
92433 96766 26165 26396 82010 96477 26540 26147 78121 21212 63767 84043 93970 34113 17469 
613 15
29089 45699 1648 27843 58267 66286 64411 58866 58538 62608 3318 53323 6207 23127 98922 
6418 18
14997 22844 79744 82879 91998 96150 57577 75744 3708 39035 4176 71901 55251 7124 81382 99717 36770 55802 
521 15
57801 7326 82837 88648 85149 53166 61408 4233 76673 2254 35549 98259 2059 84559 11261 
5547 12
3379 49370 50578 77720 71951 9153 79694 89992 77659 83536 5500 35887 
7191 14
5609 45325 55252 33140 35312 19977 60405 86154 39828 84098 12118 20961 55622 97099 
3998 13
30958 50288 19932 94628 4051 57688 71934 88054 97779 64979 89508 91337 53876 
257 10
40565 7848 48541 30468 43841 35009 50651 88115 10011 47090 
4660 16
39466 49130 75421 50666 72867 62952 34629 82664 6364 10404 18015 49197 68486 26081 53046 8268 
9392 14
41583 92031 60152 14097 93839 50804 17618 15826 4218 94867 61886 35946 95834 38506 
6211 12
20956 75386 71222 68981 78921 34066 98515 31699 27025 33762 46219 66169 
1415 12
36581 60818 59570 86353 12331 77295 67311 89423 83073 35560 11057 18746 
7042 18
60582 42074 72464 37687 49221 64879 38712 77640 24343 94727 18110 79123 87349 18938 1911 92896 27467 69648 
1464 11
10968 70201 32197 31005 90673 6964 33607 61212 23162 32384 40376 
969 13
11375 3560 94144 29407 51351 77890 36205 64681 38137 24281 90538 7644 4938 
1420 18
76512 26410 18028 72371 28783 88102 74425 89894 20791 11526 24206 24401 46426 80524 39276 82035 1597 84686 
8773 11
75291 17779 56192 85276 13380 57468 89908 36647 40334 5104 33557 
2552 10
58300 8695 56745 52282 682 53016 8988 93487 6884 85285 
9279 7
91244 899 8995 76171 83034 89798 7327 
7098 11
90624 95965 70642 92652 7070 13858 89075 72707 18441 81733 33795 
2115 19
57393 56546 631 52372 56731 70698 30329 67550 40196 44940 50089 82299 3811 72783 62652 36470 54155 99988 28285 
4986 15
52927 66917 22541 36753 44980 25224 40099 6363 99737 20097 1414 40128 63605 3255 82988 
8198 14
26204 51113 58483 59495 88933 41823 79594 48942 20928 12267 3079 10738 96298 92622 
1002 15
64128 43863 53213 49726 80553 79194 45978 38278 38792 61038 9968 27661 28160 29363 75761 
6209 16
98836 82572 56753 83615 42256 55237 94080 65669 31357 73196 23915 4664 50002 60849 4689 53650 
2990 13
1694 86907 18740 19416 91454 21894 92293 59140 66032 96168 91357 55196 29099 
783 18
41389 49971 593 99401 80409 50900 32306 89896 63943 68715 92020 99706 2958 18165 14838 55062 85759 42106 
811 18
94207 7006 87847 13093 66814 43056 33777 60123 32257 58470 87977 36628 18871 84120 50881 19254 11148 68738 
5873 19
51111 42960 71845 52916 49162 80581 64148 25664 54746 72106 10884 31494 34432 30683 68214 76811 97334 11228 45383 
354 14
875 43612 7916 40715 36524 30651 27463 96198 25768 12881 24559 31721 91603 17591 
5767 13
31307 96643 52470 67482 49950 57469 5930 83394 72635 88407 93394 49779 94611 
9198 10
2800 59003 74088 56094 80334 68760 78078 63255 98340 70340 
5896 12
50877 1633 60851 25352 6549 53833 25822 96973 42871 5847 91507 88504 
3667 10
80618 67393 69139 13608 18478 41337 88836 62143 31002 84363 
4381 20
21975 38669 40460 18215 75947 3505 1852 49126 46161 24950 38524 81256 47841 58217 4894 89736 1734 31979 50195 54841 
7506 13
38236 50423 57125 75419 8129 59395 53271 86524 64897 97004 70054 13059 63738 
6619 12
73595 96439 38534 31253 48818 11694 33183 99811 21025 56857 46796 5794 
3529 8
92291 75927 1810 25057 36293 80431 31928 65857 
4011 15
56544 17556 27377 93247 91863 62780 27333 91367 45199 64750 19886 71497 25444 84344 37512 
8488 16
51405 38326 69767 45522 91683 84875 52721 3389 12973 57569 12162 74067 69900 73183 60544 7698 
5374 15
33074 40168 84393 28992 50546 61236 86331 3151 82644 73312 10324 91279 75704 68019 91574 
2537 13
51082 16092 83929 67715 93270 41602 64285 95777 84262 29581 27730 46571 91004 
673 19
73053 37068 58881 17215 46508 72520 50079 96349 29444 44256 93437 59134 42583 92933 97092 20178 4694 74144 65306 
2778 14
53630 5212 64301 10732 12271 13424 6688 95289 7237 11107 75312 5981 95839 66600 
8093 16
89863 53286 34533 70998 1934 3141 17236 5675 11320 97945 22993 46747 93112 39976 35669 18541 
515 9
89148 14908 50616 14317 54890 88571 6102 86261 50076 
6289 10
24167 11857 93353 25275 67445 9609 80833 37646 757 63421 
2354 17
83836 34592 13855 85588 98489 36553 88758 95568 44082 64925 17389 84102 94728 10055 18980 43350 48364 
1489 10
16618 84676 96446 18780 68669 10960 6539 98757 40236 89091 
9871 13
1601 84703 15552 87836 47617 29061 92079 17117 58231 63085 15113 70576 21955 
3809 12
62002 53060 1735 42530 86093 51822 74886 76234 57952 18727 63510 59913 
8843 13
62185 75867 51046 50624 58949 39604 82538 56130 30128 78685 26685 6612 41879 
407 12
71500 89988 97045 85883 24876 75547 63462 6225 18420 586 67822 80675 
4430 16
44228 62452 81339 52219 68883 55012 1557 11400 92534 12679 3216 58755 80658 73238 80369 93730 
625 11
6725 14438 19915 40621 36083 47274 69751 43832 83509 45573 30496 
337 14
42781 44595 21105 60311 90248 2378 60537 92183 14332 22544 12478 36601 92029 54872 
6464 16
78557 58880 71231 73743 42483 37271 70117 7568 84763 66338 51166 88610 42093 7421 8972 19163 
2269 19
13151 68373 36013 77141 83406 54550 7341 37632 27432 25367 24443 96431 16400 54049 48995 21349 79711 60244 96225 
6665 15
94640 35658 78328 60207 88816 50515 21582 31325 96148 67942 14148 49364 20270 15422 90309 
5530 18
59366 81846 95967 1436 94165 8809 70492 6221 51062 71384 15173 59019 36305 78721 76723 81028 19170 38569 
4398 15
29918 91995 59630 75088 79383 6175 65777 59341 72267 1839 29501 58223 37258 81038 68863 
2664 19
52093 54995 84514 69525 70202 65434 57718 47150 73448 47589 80596 57976 96111 31295 73485 91693 60287 30059 39531 
3307 15
60928 23112 62701 61555 3028 29291 80457 25869 44376 53292 74641 43229 19159 68951 24765 
3420 11
37876 67460 57729 3386 52101 56510 92850 11895 55407 64815 51528 
6612 17
61274 26840 51976 22393 3698 11996 90289 91424 64075 60509 63998 41036 56585 56700 21810 1584 53430 
5269 18
27223 38405 26048 5257 7929 39365 86823 9236 50139 24854 55893 61193 66959 41417 34903 79595 84148 63780 
6423 18
6832 18339 40246 95350 95909 60935 7116 51462 64766 77451 59936 10228 83681 23991 28524 9657 92164 29438 
7822 13
68283 74828 20701 66124 77976 550 51399 48849 70296 15773 45966 75535 86967 
924 7
30692 63681 59119 2009 9573 32869 2345 
9963 19
54749 66242 13534 51392 11101 74257 13159 43895 55717 32448 23537 34741 1914 27003 99824 3471 35723 9928 47722 
8316 8
47223 57841 71145 90133 15930 50564 88459 16936 
5113 17
63919 27943 83827 9777 26368 96410 87593 26672 92685 69790 70484 14354 81601 21533 4515 10913 69974 
4001 14
13030 21650 90042 65591 79390 31140 8528 97667 51954 19280 81051 13888 29890 45852 
5668 10
51313 96666 16157 50980 66577 60769 37264 64684 6203 41952 
3955 16
87897 21941 21980 96437 76480 13169 6022 48803 88248 62354 77965 63838 9607 38251 20670 48400 
9562 9
90086 17388 24074 78801 6065 43028 73374 66324 82933 
7450 9
22218 97960 33548 23131 87177 91580 42922 15695 78642 
2268 13
16134 82754 16826 53492 46685 17071 99746 45035 35862 7877 46809 37530 18519 
293 16
89089 32085 1378 30919 15322 88008 35161 19233 74344 52805 98159 66807 21757 87656 46410 23028 
1693 11
70386 55806 70070 16215 87726 72509 87171 26151 36505 50156 27902 
5999 14
96427 11566 50054 21000 10128 59137 70701 33623 41739 75402 42056 89070 75664 69509 
8663 10
9850 6134 8726 17711 49876 38608 60655 43539 97554 87246 
3915 12
63550 67403 72951 30953 98284 74117 45917 98747 55918 27006 74855 83261 
1584 16
80641 55911 51502 39082 13976 20516 67789 21771 11055 35610 87744 92745 95584 91937 41634 30631 
5438 12
94553 87397 98 68452 13272 41381 44812 6373 76256 89930 49632 60056 
6940 15
69993 27468 24199 57710 73925 39870 42102 79244 9446 6553 26739 58983 59466 39164 60078 
9506 17
61131 32320 91177 53947 73605 54080 28035 82657 2253 55571 95401 73120 64272 48747 33125 52150 24168 
498 14
75135 77897 72849 38688 11241 85390 4651 55274 80075 74383 14276 84687 95302 64733 
3684 12
36274 81144 73767 64184 52341 13979 50494 66179 38487 15994 75138 65974 
2235 19
18597 56327 81026 65586 75038 95174 47269 39343 91372 60651 71171 90978 91502 94805 19971 4980 34107 31664 24426 
7843 20
20265 17796 13585 31208 40070 5667 9698 99266 45791 15016 3970 75591 40884 44404 31352 74467 42817 77573 38684 9526 
8902 17
33301 22675 45112 94621 37332 22065 32830 18407 60157 38268 42818 24014 40132 39516 45574 96807 51948 
4899 14
80821 62154 76791 9500 24682 92872 86865 85295 27080 48682 29330 73846 74215 65691 
6251 13
16022 87309 15844 12864 85018 80211 43764 55479 77515 43311 41244 59385 69835 
5590 14
61929 48678 15804 50886 64380 6726 97946 32891 83643 45621 20555 95129 55291 82048 
1521 9
22701 91929 33311 25408 13049 73574 16704 26915 34218 
5 15
90613 30091 70553 47081 98759 14459 86009 31929 83777 62891 41431 34776 32713 85820 69906 
7069 18
27194 44616 37184 81575 4897 52947 93345 85412 81860 21644 26031 16123 50545 81377 16197 35160 89369 46676 
5114 8
51753 19101 39537 64125 84008 21348 17830 83395 
5285 13
2419 33018 41032 66260 64457 26087 669 31780 71759 84286 39323 17578 83059 
3050 14
7507 17096 20053 89911 80440 31709 57053 55851 50044 77035 63291 69020 14042 20139 
5654 17
58774 49319 47669 3479 26060 89846 13720 26456 83268 59164 42559 80070 87670 3565 10907 8560 94010 
4975 17
15294 46795 82202 50453 59131 4055 34111 44093 67501 17712 31660 9209 32445 95820 8832 480 27153 
2923 14
9779 64384 49587 3340 19756 20732 51640 17764 89943 87908 78873 84721 87323 9340 
1638 7
52448 89528 71993 84949 10482 5087 3724 
7946 9
10678 36226 58690 67998 45497 36736 4421 79434 74419 
5961 9
63531 90312 96351 96935 28828 61363 94338 7684 10454 
9124 17
32653 44053 62522 92274 20981 15298 21421 43429 94572 12780 12191 40886 79060 15162 60377 72526 17411 
4606 11
34227 44605 93551 45877 24020 57936 40242 93740 20684 78370 59143 
4213 11
24738 77531 94145 28342 79678 26825 9895 46208 47974 29636 16057 
6239 17
81944 59596 50373 26885 57560 635 27871 94511 77607 16312 31844 72953 50310 79224 40704 45378 10636 
9889 13
17833 75653 75279 33093 70722 99860 28851 47077 32305 39701 71030 55108 29752 
2824 12
55254 97295 55607 72587 52131 7772 46614 14508 10632 59793 87607 91273 
1824 15
18005 15316 72932 65226 8572 30186 63962 46666 33502 22845 29019 59120 24816 93300 60722 
2657 18
12476 24266 47663 66936 70935 67057 20372 29608 68893 46433 83921 86839 36709 69036 14268 32792 86153 42175 
1548 8
40589 7862 3475 92675 75022 934 97692 60640 
9667 15
13401 59887 70655 54762 90180 36504 43833 16180 40011 66302 56222 94791 20501 66630 50609 
6609 15
26726 22173 78614 73426 64281 69910 20546 84281 76612 8037 44884 34525 91760 17782 6635 
1048 16
51088 48944 42369 2777 9323 80509 35936 93924 87605 2719 98940 26530 73942 36777 46095 40363 
5200 15
739 17045 73487 16919 38119 46191 66843 3784 60888 98368 90506 28276 60617 58521 60677 
438 19
66969 35391 83889 99274 35054 32649 42082 15813 80223 11330 66175 69232 60434 89610 38629 79345 26861 63712 27092 
8587 18
67325 4685 62910 76951 56007 61696 64378 35465 37892 89433 44756 2274 32612 61852 47251 79082 75555 39498 
9406 18
5841 90664 38995 99727 50040 21811 37802 61802 21450 61376 98798 61266 71155 99666 34427 4440 96098 99586 
7290 14
40944 70151 44016 82550 63589 44059 33845 55529 29914 9800 25441 82954 91738 12415 
3290 17
23482 82662 90740 18661 76 33484 84907 81172 43961 93512 17413 10959 14447 91742 28385 3676 79759 
2049 15
58646 3273 98753 8094 35266 22890 13156 49714 9086 60204 13521 75571 8782 79668 20983 
3954 16
19488 82309 60846 65040 65492 41916 73802 34879 29964 43546 5135 26948 53931 90743 73483 41484 
8591 18
31632 10379 50910 84079 55863 31112 79328 4367 30074 78446 94483 64419 92938 60267 60237 2595 49613 58214 
2019 12
19712 57464 71834 52019 62269 45876 41804 58036 93659 62081 19719 65795 
993 17
37640 5913 15551 93522 98506 73163 98571 82869 96099 1939 76936 61584 62743 3923 2896 81791 83276 
1752 19
34219 14251 226 97137 83265 63175 32922 30714 50923 66285 6294 67044 88425 14089 78980 40002 3907 56345 70743 
1844 16
95886 84941 6335 67733 28593 32769 92028 98585 47525 3226 82730 22883 69508 67700 54363 19179 
7726 17
27 79952 84050 61424 9587 88213 29087 63936 82992 43404 51359 91734 65491 44524 44950 26720 85737 
8412 10
96599 88384 65076 3224 74206 47400 71832 48935 75065 63364 
3394 13
39436 15939 54203 95135 81118 98924 10310 10938 58482 2863 41598 64967 93786 
3201 10
30259 54824 62462 54403 99450 51060 89925 8566 69498 86729 
1618 20
30016 59773 98289 41190 34808 30245 87687 19733 97250 2216 37148 89628 52505 39408 59552 81907 27330 43601 36 16210 
7045 13
67035 17983 79991 43027 15855 53886 50528 46945 40769 30104 48410 20267 64734 
3564 15
77305 1094 59508 5687 67647 85539 22124 50257 62024 73121 83454 90183 82267 61102 45590 
1234 13
75509 52546 17433 64852 63135 92287 51252 90492 37480 41240 26014 63663 18424 
9302 18
44023 23442 31657 39129 22657 15916 24685 46052 20060 6648 16179 8397 83431 85456 43289 85673 38601 35617 
5926 15
35943 78192 78639 69838 40395 86784 52752 97132 71833 33209 87561 66234 34786 18542 59526 
3774 17
18594 16820 87531 62564 64308 28910 50395 12810 35652 31987 64044 78004 74135 39444 74696 45267 9862 
2331 10
99421 67429 47495 77431 7728 99841 78051 95845 79548 86018 
8616 10
70430 97818 38923 96194 82814 71062 75987 68422 65752 38917 
7076 11
6424 14181 29780 18364 18119 38997 50088 16937 57314 56881 90988 
1041 12
54408 14469 94426 73870 10289 57473 18919 93566 76719 76267 23470 80354 
6355 16
97645 41965 33872 70258 20133 84084 65387 94618 50907 17030 62766 56480 31177 44783 10185 91485 
6246 11
68475 47975 35090 12292 28024 77570 33834 9343 52410 72842 49176 
9596 14
28257 92897 46877 36022 70628 62020 82845 350 83745 52255 74803 6407 58817 83441 
8572 15
12537 5616 23157 22464 61981 96767 93536 11908 88489 82427 99978 29877 54514 35534 83108 
3129 11
17512 90576 97328 80444 48444 43185 12663 89159 1713 18267 82080 
4131 13
45653 30117 90919 99152 45591 70893 75013 24381 41250 22028 27471 4836 98570 
9848 10
38687 31778 66696 59308 50014 78222 19846 19154 87308 25141 
7515 11
32060 77803 32430 61005 13034 63763 1370 35357 5656 85042 27885 
1014 14
62913 33578 74625 67950 21950 30283 41197 19587 77146 7927 74634 65429 46274 37599 
7496 13
31034 28470 65539 42372 18581 83511 72242 79063 42525 1708 41918 19343 32602 
6995 17
65061 28301 95925 7997 82356 31004 79584 59001 44045 88527 91388 64793 19352 36061 59224 31952 10252 
9106 17
44677 66450 97799 11562 1528 62637 16225 38499 33723 7416 15789 44468 88686 86033 37095 55477 62653 
6374 11
19661 82233 74859 3336 18203 46438 73713 61458 29970 39290 96364 
2021 16
1843 27794 71286 37252 78156 81421 71534 35269 23418 32198 37960 74288 59167 78468 12950 64069 
6218 15
28704 99660 71790 9772 18018 21458 11167 26004 97296 70536 93996 36207 78879 52549 90010 
1952 14
12985 71355 91043 43701 57365 31511 33240 63474 61733 90973 42604 80224 96773 41925 
8649 12
33636 62417 61716 68823 26555 89832 30396 89830 25295 94712 53719 45589 
6340 12
8151 13455 46063 60749 94994 83042 4957 53228 9906 35977 60536 56010 
5785 12
55510 97065 8518 13117 2722 90539 27873 98075 51998 45889 61578 743 
5891 10
48017 25350 2756 89445 36973 26637 33983 45755 61238 18676 
8678 11
24193 21770 89380 10741 38243 83628 26285 91413 55365 9158 71282 
6236 18
95663 46152 72514 26472 74537 37495 85494 49075 43916 71100 89773 67257 89011 6736 31748 23755 21997 97316 
4749 16
81797 1428 38677 3103 39743 77302 16155 75299 82221 56596 44007 21535 57605 13811 26268 61905 
9641 14
95066 91498 13853 90634 39752 56583 85065 52231 46240 77591 91071 79482 22138 79147 
7736 13
90159 56439 99773 94907 51154 69643 77480 63164 85917 1616 32385 13898 17270 
645 9
84181 55001 98599 18510 6448 41048 26267 47155 34872 
2776 12
29441 93717 21246 78989 59690 6571 12399 12978 20680 39135 45737 18378 
907 8
22820 38694 74734 47831 65891 45218 65743 41567 
3412 11
42162 64487 19567 57935 18833 78420 35233 62816 69278 2961 17186 
2350 11
18392 73379 70 79745 92186 31049 20453 60978 36697 36280 19798 
9676 14
93929 92518 68280 43234 70745 14601 24519 24654 14940 52718 16635 94138 96170 89472 
6378 9
50575 2759 36286 25257 11653 77298 73365 63749 85709 
5971 18
29132 22135 38344 22971 30555 74513 83747 37400 48281 66882 70249 29902 46878 26586 59170 89985 17058 33269 
5088 11
71975 92961 16112 22085 17693 59896 71470 61135 50196 26890 1326 
678 12
85487 33440 94664 84236 17194 47386 14878 8939 68211 31520 36725 47622 
8482 17
70288 96977 78597 73754 35307 57165 81431 79819 37324 61594 84574 47033 48488 80066 56376 15793 16809 
3607 12
35202 33124 44785 57568 56818 3480 26689 71238 83853 53176 76851 27064 
383 14
4838 94394 94186 69734 91316 32051 92070 54707 23838 928 82241 20909 67988 4887 
3101 11
24305 6878 34435 77971 24957 99413 60810 72667 27359 67866 52834 
4609 9
27165 18618 64112 14716 88403 23197 31435 4505 98779 
5095 13
42635 10740 2442 9341 73565 35594 35743 72588 34202 57603 23429 49580 54888 
682 15
6927 88473 47847 32681 57490 93357 90207 68424 33000 75338 67458 3557 84194 97980 44613 
1550 16
68279 46278 27391 39689 95024 9830 53781 76247 33528 55633 96794 40400 94711 18735 3571 38858 
3467 9
56363 90590 36992 89685 4713 48225 78552 8128 7214 
6715 16
49510 96008 9544 69349 94724 95314 3598 68116 34769 21077 98111 26822 67956 75926 92033 1147 
4582 15
52467 79193 88897 60147 82478 36441 29228 67075 34486 23834 93482 25238 86592 78386 98085 
5664 18
90558 48407 99451 46966 62042 59453 89379 79939 64089 71750 23238 56387 74449 23990 26666 47216 35355 6082 
2508 11
90784 92510 48357 88179 92124 89656 1316 25993 63695 11189 65240 
5272 17
37152 6228 26000 54677 14946 18631 83652 52185 49264 37339 38740 37519 79790 44610 8396 50995 82744 
2798 16
62930 13972 55073 74714 25320 24639 28463 39151 96876 7485 46101 79291 3363 51701 2298 36023 
2366 14
77114 65455 49331 1973 51078 60684 39807 1659 49368 15075 93864 31925 6938 90125 
3623 12
51326 56935 2417 54320 53344 75668 18974 13622 50416 89642 23510 74106 
1922 15
28272 66594 78341 46302 47480 33006 83563 13471 10999 65637 56722 72825 26616 61330 12422 
2265 13
88338 46964 19445 2187 21588 40925 61153 81633 79075 91725 67068 26519 70665 
1181 8
5320 29214 28042 4193 28899 12567 78261 74718 
7662 9
27790 81018 97709 47131 28245 53145 92383 93983 58105 
5281 11
29553 10224 60825 86086 53940 33046 22276 85547 14677 30916 5775 
3892 17
99035 36386 94948 62900 98800 67317 71082 22403 53692 80893 32622 12462 87941 42265 92764 86775 730 
5094 16
31735 82605 42126 66827 59218 68166 73576 49277 45437 35863 35148 67580 88548 4146 24566 34413 
1507 14
96383 62551 44935 23003 54791 45804 14531 21198 70437 90475 84089 9953 30098 958 
2224 17
51945 41920 90958 50479 21783 995 84004 50268 43924 12718 21346 54079 63440 8599 99336 58266 56122 
5156 11
2718 32131 71747 62996 60653 49531 52173 14426 93074 90351 92323 
9432 17
2249 98418 56335 17858 81542 95835 11634 11793 96975 69921 89583 29522 34357 1915 36104 16250 42127 
8262 16
14172 60403 48694 34545 38939 48070 11053 30397 4437 78104 98408 48142 77806 54072 95669 13390 
908 15
10315 6822 40632 79850 4979 18170 20747 46361 53434 95210 91148 69632 30744 95934 58626 
3254 17
16018 67333 7625 31863 73943 31947 37406 9197 91770 36659 31018 34267 73371 39232 2431 57953 83955 
5159 14
48536 66428 72289 33771 91427 28051 53252 44456 96577 18426 68138 35207 21122 14772 
9305 12
13544 67681 94107 8333 90253 82515 95658 20930 44751 61850 59824 62607 
2079 16
82091 18985 87837 87813 3333 10174 47464 49627 13037 60294 65350 96654 24382 58472 87657 22275 
4014 9
96015 89780 45552 20704 36549 51144 18497 39304 62085 
9767 16
72338 84385 95529 20734 51380 18458 87893 27427 64491 20073 49839 25318 87193 49889 63897 65146 
4068 14
72005 57186 46190 73470 64187 19220 53856 53021 24237 75385 93308 25918 48269 79609 
5847 8
64299 22096 9141 22601 17810 21172 7677 13962 
3065 13
27791 36925 88681 61023 9538 13897 57157 57986 78668 54699 72236 18806 67243 
7159 16
78410 34573 84649 92431 89347 1623 72887 39578 7829 53138 79578 18427 99647 66644 38087 84160 
9013 18
64716 79910 88859 28809 63012 56101 23750 45327 41657 52400 75957 97195 33431 73728 46927 56551 49605 92583 
2151 15
61360 67340 12005 42867 32336 21836 57231 89199 94655 81858 90935 43102 18408 66458 27306 
4100 12
51164 35103 29972 61020 73240 18669 80240 68742 18176 44205 87147 74854 
3074 17
26264 82820 37009 88267 81360 1016 32454 92498 28384 88537 21746 24574 63173 40967 61306 61127 75486 
1269 13
88351 83339 43551 83487 16327 69219 42034 65460 21019 84144 65737 31493 7718 
4351 16
39778 19361 62473 29015 12710 91438 46872 11978 63437 74284 79471 16849 38794 69918 46112 55224 
3418 15
19757 8222 92780 21134 78891 98243 4314 39322 12207 65342 67750 37794 96870 28143 48325 
3399 15
28034 35814 10465 82928 40973 31740 64165 36676 37944 48438 35323 19469 22569 61191 76703 
6285 14
10892 26159 96251 10521 41241 94245 93151 14578 86520 62169 24073 32485 86974 83809 
4661 12
72713 21867 81257 81821 13396 84872 42756 10589 97597 429 3276 51616 
470 19
58852 34110 50532 75916 71140 7128 61793 85789 84614 84978 34263 30681 84652 60568 54586 72655 42465 65050 72346 
6367 18
8507 89772 95063 18716 68008 74113 41361 7512 51554 12701 4513 55679 59315 55688 4138 46085 85339 53725 
4383 16
3660 88191 37770 64548 92898 51153 49762 21265 40441 14272 79012 11447 6329 93416 15791 12670 
5016 15
20560 18744 22775 23219 88305 14204 84141 99707 29307 65166 11671 84538 26797 71818 50570 
6805 19
8175 5852 63182 87313 12103 12320 4740 21120 83178 49444 72651 83935 6252 7080 96088 51279 85071 20240 59020 
1516 19
74133 89052 28928 25096 6026 65931 21851 68551 75545 54631 35392 99725 25771 88346 93938 7187 26779 86602 38377 
4914 9
156 72650 51134 26633 98086 16410 65108 89836 64661 
8186 8
4106 66406 20166 54686 80745 38853 75246 45298 
5427 13
25335 48764 78939 92912 33340 16191 60495 95337 75811 28677 70834 13678 96387 
3109 7
84480 70931 93747 52392 90908 50905 77712 
8174 15
61041 77403 52739 13926 1372 609 96761 70808 86736 17294 25361 89563 70524 16501 31207 
9463 10
43157 30440 12448 71472 42681 21219 20179 33674 5247 4551 
2214 17
71149 6515 5449 64376 37980 69006 25274 21223 59437 45646 36172 59288 88742 94368 69665 75024 51556 
3859 14
13583 30049 53180 67860 90034 40901 67990 61686 22248 50188 51337 24656 76163 17275 
9208 9
34691 23102 83127 68199 91296 39015 497 88985 28476 
6197 10
25916 60903 442 16441 25315 6879 63095 16497 4942 25777 
9060 16
17460 91847 85768 78524 58438 32288 49125 82115 30539 2832 39421 51498 28418 47744 3631 21954 
1500 14
65605 28932 42562 14209 43054 82465 8147 19342 14421 68817 88956 9293 40574 75446 
7254 13
52026 51035 31243 57522 28004 43247 77930 74818 63468 83177 41589 45426 93710 
1565 15
60497 21345 94823 61342 97056 85015 29635 71487 32549 91398 82383 19907 52008 72597 5130 
8033 17
2919 8024 90525 38348 44501 88568 29245 46948 55854 41502 99271 73056 64948 85106 26887 68909 87991 
1963 18
36219 41579 47421 21730 53039 77314 41118 27447 85379 65636 60410 41207 70641 6107 95370 61203 33341 36653 
7312 18
50617 49967 62565 44421 24747 12490 61924 94242 12197 88202 28791 58254 39265 61897 33892 27440 23031 18369 
3415 13
74564 55114 76940 15130 51104 11174 9039 61919 5836 68213 68404 57367 56476 
5830 16
60649 78489 23539 13259 72476 72903 38494 66515 78890 24291 6634 66499 72095 48468 88894 19095 
6717 17
36096 18367 33661 74352 14982 2492 95454 83653 32544 68371 87993 18904 26392 40088 25539 52310 28162 
6470 17
52430 20950 95501 50052 35795 18006 97803 64147 52709 81962 1076 22269 90831 1969 97384 55265 28558 
4681 16
76932 13242 5920 8956 9211 26436 20058 74041 72529 36866 25106 55202 81294 42506 88926 74710 
445 14
27036 14411 24640 90346 86612 92413 64459 24482 59344 35349 2014 69678 55148 18854 
559 13
7190 36910 70353 45994 87584 3448 50412 84609 19849 9269 56575 5788 47217 
6143 9
85209 7701 31317 24134 92125 9630 30869 80557 5386 
4490 17
58202 71337 81386 16060 70238 83630 62514 77937 19038 95526 49258 94608 73041 39788 88257 73008 6041 
2675 10
61797 82203 76632 75092 50380 27564 87522 38806 20321 91568 
548 14
4373 84013 52961 54149 47559 71669 87751 95358 32263 30740 74869 28077 87470 53466 
1139 11
20382 63126 46215 51672 1884 41635 33173 24234 59678 80578 19263 
3473 13
34460 58628 74712 28388 97635 32208 16736 89557 69252 29757 56850 87775 2789 
5451 9
24619 97843 43091 96027 11394 84604 98744 66624 79931 
237 13
48154 91842 88352 73477 67478 86725 31849 80910 82791 7343 12804 95786 62161 
5030 19
36814 35724 8186 66633 1763 82133 53718 90423 10444 57136 30735 36144 52071 42899 98456 19728 44278 63887 43874 
283 13
97389 53977 20758 89784 37540 66568 17747 17523 97229 48462 80348 2751 41323 
1661 15
24511 85544 148 38934 31834 63329 54200 11558 99581 61243 24792 88907 41620 75322 86486 
1398 10
71515 68616 71375 53546 99371 76576 19404 75665 62751 103 
8632 10
12150 56100 80526 77491 84600 57931 15455 4011 14281 43668 
201 12
36432 22782 41939 45238 55418 16015 71506 97865 59402 37292 10122 9003 
6346 10
67514 84554 86457 10844 33365 53784 80243 30385 31839 39747 
1826 17
83330 21922 66497 18765 64048 26070 38060 79766 20399 17481 62632 83776 21512 5968 9471 55687 90765 
3461 15
64719 45251 63594 86615 83545 53146 75743 24671 80802 66513 57471 58934 78432 80472 95085 
6370 18
33734 88380 46583 427 32239 37690 34253 18097 91160 32566 93870 93433 94898 84683 43840 60385 40362 25601 
9350 13
21805 86116 73452 12312 85579 35891 73293 97322 71105 71689 43367 13875 74829 
3921 15
46074 76490 60181 45079 1420 43480 61771 15053 14659 63852 89556 89729 54401 86890 74507 
7468 12
37412 6968 82111 71658 85876 33073 68262 26244 44624 96293 13598 67830 
4933 18
20954 94648 67725 26933 92209 14509 23819 26349 8786 23748 93439 79794 84850 20475 12876 17651 79686 38428 
5175 12
34740 886 70139 29872 12890 62499 81030 74994 51604 31419 57263 6659 
5712 10
79116 5529 44794 77170 38714 65409 32655 23199 57198 26306 
1481 13
74501 57324 89739 6691 74128 42698 23414 3516 69948 33411 18457 80569 18694 
5267 13
49017 75161 92067 83759 29287 71531 33916 16034 41858 63954 96472 73352 73395 
9193 11
57728 53114 21708 1468 71885 75042 62307 73559 29690 66783 85506 
8255 12
49042 94380 7886 26522 2022 2880 35282 77426 52136 79527 98629 19779 
9671 11
32937 76265 18246 12328 55891 78821 68750 77785 92380 27758 90304 
576 12
27135 96841 61498 58222 39389 35371 16664 30843 68442 22253 35571 47697 
1924 11
96748 21520 84775 51494 43103 83603 14053 97887 18224 25447 93873 
8657 9
14330 413 68039 54973 63005 47553 34330 31294 2549 
1630 9
4576 44063 74771 30501 82512 36035 85785 20363 14764 
4472 11
11639 22 68847 35070 77229 24982 44076 74212 96709 6311 13360 
3234 13
23146 68210 33474 78255 83097 56990 93421 7000 33830 22305 63563 16414 82700 
3080 15
81404 69934 20809 17256 74341 87054 3671 31796 64673 78611 40481 6733 31977 54164 1883 
3190 10
77446 44637 87931 69330 89532 58233 81909 66225 34229 92758 
6830 11
72561 14016 32399 71662 32837 54113 30528 85319 25155 7267 64853 
9850 8
38706 48557 40658 94545 37533 47762 51073 334 
9250 12
64333 91350 85035 44363 81473 22362 26902 40283 47229 50572 401 36413 
4160 10
82157 57938 55481 97538 45332 97979 49384 87595 2923 33134 
270 11
97247 97589 33876 75116 83779 89072 20521 68709 95657 53802 73124 
7755 11
54764 8084 55723 41405 33371 19806 60014 64581 8982 36466 10059 
4030 10
79414 82056 86330 77577 16822 79646 40679 29839 91076 75412 
6537 10
47626 33790 17495 34347 49660 16189 31147 89357 93851 62561 
6057 9
16604 23430 30803 82939 98002 72172 92341 58911 67348 
2743 11
26435 5732 89395 5936 36887 8141 21263 57184 31334 23235 27303 
3199 10
31616 50556 55105 30461 52228 88395 2875 68187 34905 98845 
2960 14
34976 12111 55584 43250 87793 81236 86783 45342 50442 51282 57689 73536 63754 93223 
3970 13
1978 74394 58686 88203 84154 55513 2949 90280 55053 80384 32750 37441 3427 
2816 14
10524 22929 45160 73720 28229 14992 98923 81484 55708 1099 43990 48063 89651 38634 
3987 13
74591 1696 78045 9082 95453 67400 22648 83090 10272 86824 75163 84063 70107 
4696 10
12829 54663 77041 34933 88240 99763 83870 22119 71248 51178 
4273 10
67891 50238 75342 13573 9899 7493 42295 67823 25865 73157 
3997 13
17696 58924 95705 19091 61833 51323 59100 91338 77846 96706 5721 80548 27923 
840 15
7307 56240 32726 4366 40919 31436 80058 27925 49731 15538 13123 80803 12625 24554 36179 
6529 10
89299 76650 30945 82118 18104 58745 18120 99057 86200 77669 
8190 13
82179 63055 86973 42732 33263 84964 71017 14996 56899 56861 69522 26622 60097 
7056 13
50333 87270 31978 35195 59871 13906 26790 34265 98579 34090 44962 21399 11513 
38 14
42521 61902 734 96167 97654 40183 21768 45134 92416 40728 5620 51190 10335 8915 
1773 14
68833 73845 13988 79356 16687 56875 23778 79246 13491 70494 83220 93441 33405 61380 
1288 16
23362 34637 6248 48631 17535 58451 75480 45021 44331 76667 68253 96875 72681 31277 73343 65587 
5983 10
68601 88286 10734 43767 86527 50626 12029 10662 58448 63731 
1615 14
72081 8743 48943 41562 16979 2573 98400 2039 79922 81152 79395 41881 50652 83953 
8761 12
32117 90903 69040 95884 22619 43118 32754 23153 53321 19517 89410 13934 
8583 13
83367 22901 21766 37866 97288 30257 54188 28357 94958 7195 38871 49025 32317 
7338 16
53832 84415 56161 4659 41679 32836 22529 44353 12927 60799 26694 67426 44533 42876 33146 20506 
4262 14
99093 37079 20219 11500 22636 91301 9998 16923 19258 2649 37766 95687 41660 99899 
1707 12
22165 49920 31228 60513 4496 24638 77047 77883 49110 16890 23566 99351 
436 15
41981 73634 30423 15140 94503 96497 6930 20540 86715 11589 65951 48725 58907 57743 6619 
5291 15
84149 34906 61936 57167 59522 76501 84620 70384 38170 80916 28149 56315 90668 14817 65915 
5889 14
52847 67023 24905 60145 46453 50516 41564 25503 53753 52052 196 92496 21957 56880 
2703 15
76451 33571 75411 35143 77725 56131 35603 50817 97736 22680 96945 70683 35062 59556 68548 
5143 10
53407 25487 62203 69451 36913 10096 26250 84398 59519 5084 
8157 18
30093 33974 29338 77610 52112 88748 80572 38401 17039 8976 62986 5079 56037 43416 80212 16395 43003 34530 
6334 13
32080 81539 8278 83404 46690 62950 10336 44348 14638 40838 38419 98173 68722 
4067 10
47766 67754 60634 67211 33250 39419 53144 91082 80449 95975 
4963 17
99629 28048 34875 28802 47826 32355 21883 62023 13355 21360 67334 36289 99191 39937 44372 31380 42460 
5968 11
34276 45326 15547 53808 17157 25980 92878 19106 52656 72515 24225 
7601 13
70028 60839 77438 51149 9712 30420 48744 44649 16892 31394 4908 83421 89117 
2382 15
28433 23143 10141 6773 71765 57769 21701 61486 92748 77262 24298 75405 1950 15841 94258 
4297 18
41818 40293 7838 40342 71757 77693 28652 25838 75660 8519 85081 19612 81533 55765 596 50128 35826 5924 
679 16
8937 76598 98826 5008 38913 39950 5442 1380 85535 63537 38440 56499 66304 28064 42288 93904 
3491 17
83403 16186 36976 24849 52272 84838 24919 87251 81078 49651 52810 19591 751 55230 74566 39672 77477 
517 19
41481 46862 4500 90605 89982 74245 54503 30055 60630 47947 81806 21012 45419 73642 54076 57333 3476 49599 74050 
9102 11
51939 22801 63869 65295 77538 60543 42713 13816 12184 82064 52292 
1172 10
5986 4972 25746 53813 53936 39355 43743 73560 5600 73063 
8654 16
8283 73803 11386 87588 95879 83828 59438 93649 28178 5419 43786 79317 86537 45237 95915 1226 
5252 11
22191 69887 57648 93958 43213 13382 58442 61595 18168 83512 72222 
8281 10
76141 82420 99369 50357 55621 92288 5987 90123 37014 11149 
1097 10
74675 41182 19570 36934 17246 38974 67248 84461 76006 62296 
3572 16
61989 60392 89382 56378 57615 83768 92553 11614 58966 7170 65971 36954 71847 52260 25351 4815 
324 14
65996 71708 97225 66211 77340 11697 65373 4785 10291 72771 92172 45972 49622 33810 
9462 7
68769 89891 59697 79665 72503 15540 60482 
8683 14
94313 22774 76224 70123 94739 58644 87996 54414 15613 5972 16759 44385 60422 25176 
2746 15
27449 2760 99148 37813 61610 39339 70366 84885 6172 11870 81792 96044 17972 92342 94130 
3406 18
39556 22649 67680 2525 55139 82917 53507 3749 37390 86556 77535 82683 84299 66604 2838 36740 33196 91345 
3249 11
1549 41500 18043 32287 65414 43979 15034 71565 40332 3663 88941 
746 12
191 96218 20325 16373 52454 73907 79867 90779 52203 43748 79365 52917 
6058 9
48352 32647 60127 58942 38426 48289 59758 25449 44844 
896 17
10622 79679 51615 84771 65633 73411 55381 17942 31190 43258 23617 91672 27111 56854 95797 72230 11746 
3708 18
42834 52573 91748 83868 41962 57344 26006 91434 9115 79985 62570 80897 70739 68448 20149 90844 70782 58657 
7260 9
88076 72479 67454 44236 64404 79268 37186 28277 62922 
9496 15
99645 58606 62496 37815 96840 18046 79773 1530 57726 91416 48561 94658 73873 13615 98391 
1876 14
73738 42203 36846 59643 47861 89753 46246 36623 69212 62546 70547 64029 43177 32017 
706 12
20841 13147 15331 28375 10091 9322 90300 1804 96598 10130 21956 27067 
4419 13
7974 69748 87742 90526 4977 29822 27996 76124 59494 6557 60288 23924 6598 
4201 9
81159 479 86555 26927 81993 98822 5013 58652 64755 
1840 10
21464 63096 18197 67353 54509 77428 40971 96291 61037 31430 
3156 15
60921 70022 44433 17659 48445 93278 41314 20300 18056 82727 5883 69169 68184 43827 94725 
5570 11
53291 93673 50259 73603 87562 47429 36077 17818 85598 53948 34564 
3722 14
74617 77650 17420 39803 30831 92803 67561 22645 68679 8250 38383 86539 99809 81754 
891 16
5752 87948 33768 39858 68095 74930 67375 77788 44791 76477 88916 10855 6322 25101 61413 79752 
6972 14
80801 13346 69506 71093 85067 83738 49303 10341 87157 33784 88995 52281 96133 66092 
6023 11
92097 27053 7563 61444 94561 82460 33275 99298 60407 64872 90994 
1736 14
76014 14500 64976 25645 69424 38986 28835 3596 34738 98996 63766 17055 87013 79834 
6189 18
84448 80523 60912 16253 99320 27544 57806 27676 72577 28025 73003 77413 55154 74773 38508 35114 35704 55709 
9906 13
23455 11028 28601 484 51599 77875 10290 45726 80751 42280 21823 59724 39590 
7505 12
57552 68357 41195 67902 11782 26447 37790 30327 35073 14061 52704 56146 
5480 17
43927 54781 78536 69440 48773 55859 20817 25249 19780 61739 40792 55509 58589 77432 66940 13266 70508 
9587 15
24878 98807 64121 52171 63923 82942 56026 42978 84442 10874 68673 35837 1564 24357 36979 
905 11
33693 47661 66607 89978 27684 36370 41493 51349 49717 94250 17697 
8534 12
84520 37898 93623 17498 84302 57696 80071 74239 86509 77373 29668 88065 
1085 15
63683 27081 21633 88890 77679 53453 18908 98300 11454 84303 95588 80169 61092 65959 62317 
3891 16
70328 96200 77393 36064 64916 21847 5875 92040 69713 46221 17549 27807 45174 42805 47052 86807 
4817 13
73641 94199 42036 89661 86077 69823 15645 30252 54216 71596 88560 48229 11129 
7871 17
3498 48620 68848 61404 47906 58400 5990 20931 25031 58297 98450 26575 50662 13896 87464 42478 1513 
5736 13
34072 6524 95208 6920 99003 20135 90598 5729 22150 55280 32846 47874 66362 
7351 17
54109 67279 72240 58439 61674 34023 72391 40042 38075 13311 36168 23973 22850 14182 3102 96421 28531 
5981 15
40538 13890 8497 35899 60168 13581 66557 22909 13949 31851 74969 59199 52751 99955 70177 
542 13
90563 98687 53334 56865 77058 77627 15560 88830 45750 85408 60895 33694 35954 
7084 11
16320 25638 25547 39056 47433 38327 55157 93825 70667 50476 38219 
9553 20
86467 60561 22616 44997 10375 33033 42722 21529 87340 15090 73449 95899 66104 22578 84565 78814 64309 81772 45017 323 
2233 13
98684 10891 40443 52084 61160 66997 72735 7800 23356 18383 24448 18621 24127 
5275 11
20378 9625 20814 86193 25720 84575 75607 70236 55123 10279 31676 
2173 16
32546 71167 51897 33439 12607 32753 65624 93331 23723 16757 23658 73730 22842 61124 31904 76018 
2992 15
60307 95073 61417 11357 72952 16692 23535 83804 5446 25118 60782 64644 43192 88976 93737 
1689 9
14729 44913 95323 38963 54325 61250 23847 80118 93148 
2854 13
49002 85806 67260 6340 1986 88593 50157 94586 82910 41904 48426 66325 21531 
3194 13
83891 71611 48668 20979 4095 67871 73420 18218 12605 42052 87799 76102 87381 
2385 16
59548 32956 516 31141 69049 96413 81722 64820 18518 93376 34520 88792 40289 80895 93991 89783 
4437 14
80624 51678 39214 93000 87815 21619 40073 9398 59281 47173 58316 13497 3701 30799 
6317 12
70562 51179 26906 65067 34123 14393 29715 5059 49760 91565 55362 16788 
9368 15
67656 25003 52306 6710 31484 84092 198 96881 52200 65338 50940 73662 1751 26343 35333 
7337 9
54175 16969 25456 74817 15734 91868 60899 75684 85797 
6891 11
45402 2323 88505 75143 56573 6461 9451 43761 21649 9329 14699 
5450 19
57511 82616 22566 52840 68959 59419 57238 38670 53752 14522 71235 63132 72058 23928 65428 77409 56603 15446 29993 
6602 19
23964 69698 66197 71718 24465 87723 83015 5244 21751 65253 24284 80221 69991 93392 33369 64012 86127 52271 63803 
2260 16
93385 53854 49470 43072 1867 42714 97427 40058 21737 95866 87116 65117 32797 69575 31416 29339 
5879 14
30244 37343 4444 97606 53003 11449 65602 54033 27697 55632 96756 60183 70555 14063 
8730 12
29795 80550 99517 78006 28565 99587 70577 97591 3066 38448 54180 17254 
1601 13
1408 8350 24960 48156 44328 7951 80302 97871 77556 40625 21338 39225 98568 
3313 18
15087 29810 39101 21240 78315 27001 16056 55400 69247 61534 27145 76838 97791 29372 86764 13500 54001 15393 
6633 15
97717 48990 66888 63971 28747 27148 23120 50672 13722 4861 71810 12603 38820 91131 69673 
2760 13
78645 36859 27297 57304 64077 93269 30126 89490 78331 64610 16929 26113 85851 
2892 17
51425 30672 26190 51820 85247 50451 37513 56667 55996 74543 20815 53745 9474 4658 72634 10531 69949 
7890 10
82199 59289 34534 43458 88428 62095 37912 98320 33870 30387 
5161 13
28302 38816 69246 99787 98232 31827 51254 99526 89679 95107 25079 99372 84617 
5520 11
11637 21824 16159 64352 58014 15998 69650 51691 93201 64278 84422 
7242 13
91960 11983 9035 91208 66512 45620 47557 87552 7775 61358 66897 5790 20262 
3174 10
23790 40849 55243 19332 15100 76063 46174 51774 99106 72204 
3916 10
99473 86408 90732 93158 88137 38239 87022 48830 28715 11667 
9881 11
29777 11404 56079 79701 94920 58411 82411 99172 28300 69561 77283 
4144 13
62863 53109 28661 22877 75399 25841 82676 24065 68020 45036 39404 39049 37344 
6572 12
64810 83249 59309 54443 28378 43279 37887 58485 75962 79617 42542 30560 
8969 17
69672 4302 21451 46138 81901 77044 66073 17998 32241 81980 92297 35926 88480 11054 25072 75262 92425 
1046 8
46590 90429 3777 79786 18801 24836 27894 82979 
5846 10
40819 82717 22104 55917 7826 51321 52695 75518 96247 86810 
3265 9
93217 65574 39092 9498 37816 71343 66478 75728 48133 
3755 15
36632 89399 28933 37715 93679 54060 89386 66021 69000 1719 93419 11814 6167 79379 84772 
7125 15
62517 44580 79139 12685 15054 97375 20281 69293 55640 58178 97459 27315 27407 26403 58828 
1325 14
14556 45731 39053 2146 12569 50593 465 49607 29431 31296 26184 65793 34972 22494 
656 9
53488 65486 79955 1859 78048 72462 4613 58936 79008 
20 15
79689 45286 88220 54544 37314 92494 60514 83263 6642 70902 21904 54112 68344 99671 56269 
3636 9
94668 63062 9364 81316 39915 72420 84031 95055 80483 
2159 12
95876 5075 42551 11073 73915 5738 3137 26220 99497 4601 47592 20067 
6984 13
62488 80484 36779 96671 38064 21336 44630 3119 71430 11186 17785 40224 15373 
1525 18
27961 60421 53366 68314 24060 42323 16791 93090 88997 91112 59789 73558 22667 9352 84745 94367 95293 9687 
7625 11
39690 98958 47819 32089 57240 74305 99362 523 26625 77960 36828 
9275 16
65439 54384 5993 84400 46024 73807 20719 44588 74937 24056 81883 34618 55292 96050 27217 96342 
6088 15
13575 38349 76144 83751 30269 37459 22244 41914 82908 50513 40548 77243 63729 36576 15838 
9048 7
81440 24196 87990 91713 41335 76919 9139 
8876 10
39515 9214 68047 58226 22307 22853 42385 64164 22160 17359 
3770 8
89225 72181 20648 23914 26049 85612 41469 21062 
7329 15
36041 6974 33372 40915 10995 67948 44482 49621 54767 12897 22373 4662 7340 77390 65062 
3454 18
61351 98346 52330 32422 4898 19304 7321 79703 31384 65309 65984 65362 84783 19732 34871 9148 65778 68136 
1527 7
35749 69549 57432 77085 56456 27382 78014 
596 16
92762 4486 72410 5803 19381 29978 93847 90416 46476 86698 34563 21094 78750 45189 73424 62933 
7667 12
39613 4956 25153 26569 6573 73264 77727 28346 19697 87755 62098 27384 
4359 10
25459 42468 30486 18416 97827 88920 14621 43800 2302 44374 
2955 13
80141 63230 88160 6516 23994 33459 55897 53844 56846 82628 67929 45602 56386 
1033 7
22592 1227 35570 59925 54274 35336 80585 
6029 18
85567 90447 48449 75020 96859 93137 9711 19924 11396 15123 6174 20803 86811 88249 55830 83667 83137 3780 
4241 17
65406 22983 57750 63342 28901 11817 80956 62174 87208 32512 94093 69432 23074 72229 5812 16678 66206 
16 16
45060 59477 46573 65538 46212 12081 31044 14484 40720 66289 69365 78933 45051 80933 21273 86246 
4303 12
67719 37729 96212 31098 29590 97744 47168 63926 15713 26137 56952 87206 
5595 11
17171 62505 76198 52660 58454 78073 62828 23998 7417 83255 77645 
2844 16
80140 68704 60242 42675 33407 25923 36905 54250 71923 7206 26121 45857 24330 4865 37364 56319 
8910 17
61520 97575 43138 92261 32055 87320 56663 4878 42750 55435 83365 35807 26215 22611 81603 19559 13132 
4922 11
96621 49962 83201 62477 81163 80026 25913 93774 34812 93787 60538 
6314 16
93868 85291 94703 6555 90467 11219 75 89015 51302 80367 83103 55216 54430 24415 28450 62765 
7700 13
79847 37349 57094 8017 35445 53053 94219 37318 41648 62642 92346 3172 80107 
6116 15
394 86820 89575 72477 80840 95717 94088 65759 6227 88451 68753 43697 11821 45011 33342 
4445 16
43752 62825 56712 43633 50809 86879 60268 59127 73055 42766 32619 96486 73735 63365 88140 14088 
8123 10
22643 31283 81466 4397 4213 25291 43034 26240 20601 94174 
4250 18
64845 25688 12544 98758 95329 8999 4060 8404 20049 59754 25963 22377 71909 95498 89802 66035 89315 16418 
1224 10
40119 56486 45202 23191 61704 7351 70091 46850 625 70152 
997 12
24588 7654 16160 19900 83437 21592 588 54125 17065 4179 67812 56307 
9311 14
62172 17635 36387 79237 94015 48485 82155 25705 45783 46668 46727 99333 3342 58110 
7184 13
36475 32327 25782 62815 60148 14636 23227 55249 86439 9827 87944 38503 52405 
3235 7
73072 43831 1888 53556 2687 56469 50559 
8227 11
98057 27268 37691 37562 34154 15680 37490 60280 23534 88068 27711 
5692 9
94421 26153 76023 54138 46475 30476 28546 75441 1091 
5995 13
38772 8454 92649 70187 86189 75261 93790 40256 89458 55937 23802 25136 95170 
3416 12
784 31117 41533 89298 23286 27494 96074 95253 34173 54394 27077 65223 
4642 14
99962 87856 55836 98470 65693 55167 96297 28643 18398 5820 77400 55036 58561 69737 
8469 11
90160 39953 8638 78166 88438 24901 37793 75818 13441 22699 33410 
2867 8
27941 39822 59948 57575 22326 98640 76808 12572 
116 12
17924 73207 90103 35172 44003 36649 87578 17844 39838 90934 20463 1333 
147 16
85475 25669 55169 77014 37483 53926 37740 14550 63425 19749 94927 22178 10586 68662 35845 88118 
1502 10
81262 87922 73268 9693 12830 44371 99891 42274 65482 29552 
5897 9
73997 68134 79355 42466 5335 8182 57497 49761 92526 
5512 11
11891 86506 64387 18216 20329 25376 56384 4579 29375 33634 87074 
1717 14
70544 87759 18282 63071 27712 42087 50955 30082 21343 4069 31460 64919 69813 51369 
3153 12
44700 19664 12453 25904 86269 27340 97369 18887 62841 22500 29753 98432 
1982 13
91896 78579 81338 29932 84818 87622 12602 361 96759 31774 52438 32294 94342 
6943 14
49115 93860 36878 36752 70865 83825 88313 4122 78093 70081 58484 95103 3946 56484 
4735 10
48100 43634 2503 20641 99949 81961 15065 76782 85302 99664 
271 10
20456 63979 58492 43628 32097 73697 10308 16770 21063 52609 
456 15
55689 71859 18385 18127 7165 66596 41921 94108 60387 37620 87689 53796 44679 9380 59989 
6097 13
1096 14363 98357 70245 87914 38616 99438 67265 16167 41185 64795 76511 63509 
7969 10
97012 52978 22755 75433 77805 53221 36184 21320 21286 21574 
1640 16
18860 91380 10173 17916 45754 7256 57479 21242 61934 82408 230 5558 45617 97768 46517 28535 
9169 11
11520 11370 94001 84264 73787 57665 25298 20169 78627 26658 31518 
7291 15
22361 46919 93667 5342 59060 94577 97174 12393 35956 41236 72354 95257 4819 29640 2913 
7832 15
99004 78646 11811 32507 14872 64794 77079 78684 24496 47075 1796 94405 72378 53372 79924 
2598 9
64464 27840 1537 85206 69476 13580 3615 30837 72870 
6538 9
63790 78623 14933 80291 14029 11118 8287 70242 44112 
7975 16
72722 52789 61299 25559 98766 37579 3073 20873 40404 62832 9242 59175 69390 34605 70037 5211 
2632 14
58992 63572 45380 33741 84222 55553 15425 69919 17173 83070 70290 32822 33928 19336 
6965 18
47221 34661 23090 60090 58088 38698 32742 14819 47653 88753 46549 83632 17449 78673 90661 45995 16622 72981 
2429 19
19201 68148 80317 14201 49180 50104 11679 57579 8951 14625 87863 37185 11092 16390 65499 2292 14546 85520 79520 
8139 16
57494 67726 30109 54522 68501 56432 99605 98805 12427 8074 69867 93749 87734 10964 4255 15831 
7618 15
23735 77323 62662 67558 96030 75698 63405 79692 43327 172 35632 43386 34172 98975 97723 
1238 9
9767 86326 63395 96974 46884 87794 40087 78135 6089 
537 18
81853 27234 39709 25397 98577 14282 26854 30595 85228 86922 51889 76734 91758 17842 15699 2473 98569 81581 
1506 12
63896 10774 26680 35612 11935 32575 87382 95044 16653 81939 38992 45517 
5790 11
13673 77699 87615 24368 86630 15165 51209 16647 575 89216 45193 
5491 13
90695 81691 16063 83529 42612 68770 17760 44393 66873 64717 93423 30253 7328 
2364 14
25067 7956 76841 39597 48163 76253 20065 8234 79560 70594 7771 60885 16137 80280 
9971 14
24796 49050 183 5995 43708 49710 35042 96296 94187 43009 39106 77332 16829 25659 
3817 17
84587 37798 84939 20117 12370 88142 35154 1970 59532 76056 23889 99112 88456 97393 99407 554 99990 
3545 18
70207 52409 76042 62319 96911 94688 35466 90854 11624 51188 14653 67367 13834 78285 40498 5685 24607 25525 
5833 17
36749 92834 32656 79243 18789 20500 87141 95441 474 7966 88336 56234 78707 59226 31143 36829 35847 
4019 19
46896 75900 24748 73502 77622 68577 8242 4418 93507 11158 45883 22638 28194 97352 57610 70984 86048 97287 17988 
215 13
57345 89190 66100 66489 57002 75230 94955 58909 80511 91887 73349 85451 53445 
7466 13
16046 20898 13826 71446 58751 92083 13300 24447 85827 87747 38969 39625 55929 
1721 16
96680 1328 66601 92021 12706 26762 75648 9681 13436 1271 45900 29998 6368 979 46182 49144 
6708 15
86005 33847 37840 46731 41018 3164 13767 74189 77942 65529 49812 68926 4332 25097 60358 
8717 18
62598 75814 92231 561 85591 5540 15790 37199 92915 5045 16116 32028 79015 51551 12431 21379 41006 58355 
8356 13
58054 91403 8343 53666 80143 24481 99206 7053 85020 88018 25656 42471 22097 
9692 14
991 90107 94674 59362 89000 4046 17138 53196 38246 70740 10196 45235 44492 95232 
5580 15
59124 56641 87843 70417 17189 80063 46759 17645 94222 41033 44945 56542 34412 91608 74674 
2959 17
10966 79181 53266 21030 24428 59342 95288 7950 45449 52491 34390 37926 52099 87495 47127 93502 50771 
8615 11
60833 6437 45706 92221 45337 53634 27558 38768 20740 96694 87388 
7696 10
35737 44013 69685 55498 1770 24208 29470 82197 43848 14408 
651 11
90403 3188 73341 47205 85449 46527 87609 63256 56654 66517 42721 
8759 17
62324 82684 36112 8005 500 99128 95389 82995 59325 61957 61649 31443 73987 49661 27489 9231 40249 
4501 13
42837 61439 6466 94574 86580 13883 41123 29999 47208 34800 33119 95217 86466 
4134 10
51236 32660 92683 50719 16676 99695 31823 96714 65192 83069 
1910 13
75890 32105 90245 11762 90311 71281 40637 48246 83784 77121 44994 88359 4959 
3725 17
34481 46234 80533 35324 56424 41252 65302 2746 96589 36373 32565 17487 36733 85083 7157 74399 54085 
3072 10
16693 35609 37035 59048 51870 78954 51446 26069 11517 95037 
3437 10
33324 34182 77581 68876 28689 60974 40649 4850 27826 95139 
8498 14
89481 33538 18654 7751 98220 86227 85312 28382 99269 17285 2842 18466 81832 97899 
3256 9
81963 78985 87011 15906 21687 40079 74396 35741 28564 
3713 15
66585 44324 34631 45293 77959 34201 63670 75529 40989 35961 32078 22799 40990 33442 56048 
8519 17
82029 3815 5406 76034 15364 72958 68342 45773 21247 12015 82842 28883 35301 42595 90641 69270 85292 
451 9
55199 66191 78636 94095 46950 87307 62222 15961 55813 
1907 9
20878 46720 32833 60202 23642 17083 99838 80149 87661 
3788 15
20309 94356 98751 89413 67305 54710 91594 99265 18810 45294 89924 26619 94641 79613 35027 
7256 14
33739 25935 24119 41554 8926 65158 10760 50095 5014 86858 65334 12778 25048 2354 
5703 14
30657 56611 41624 31355 30932 51697 33563 67905 70605 72605 34491 12365 85854 3364 
3605 17
8975 83102 13642 45987 61346 66554 94252 23769 87257 68443 72147 31578 25793 65603 27779 98521 42192 
7107 15
92792 3106 21113 91134 31035 55079 52873 78077 36800 5810 75126 99389 1787 34814 7865 
71 10
70663 85486 74881 6349 48167 65594 39726 75600 40430 75318 
6160 15
42223 6857 58977 95690 77372 92697 91220 97478 74843 61955 49224 2481 36114 15317 49541 
4855 18
21275 1671 85241 54726 96302 96900 61253 51015 44135 42704 60112 68090 48909 46226 50795 61824 74976 66955 
389 16
62520 2817 46437 60813 80513 98125 89658 35872 85213 97289 57105 91243 56458 31056 16355 60971 
143 12
13638 279 49036 83523 39825 77545 66255 60993 52677 5193 2562 66161 
9083 14
86690 83084 61835 88035 40282 6584 42921 73373 87954 59202 56694 44722 83883 64502 
1387 11
7146 83555 69901 47755 82649 1764 87865 47004 1750 33690 11485 
4884 8
77238 55045 38460 97829 12499 3080 55133 9434 
8976 15
99108 11277 89239 74851 12849 78872 10516 7834 3108 64180 33228 82073 43847 99779 6077 
5745 12
61327 72115 49893 22087 87861 61928 50062 20016 87420 52776 27806 56339 
7891 13
33010 41779 41438 57205 99078 83099 43999 66737 35030 60282 67803 75180 76030 
4544 10
87227 54207 3786 28392 17865 72805 16494 58307 98404 18326 
2375 15
29920 68368 37447 20658 34782 15912 50227 93719 7137 72883 10711 66067 23324 81737 72134 
3145 17
37013 18558 96033 56520 9298 56795 67669 8138 82833 75249 1539 37118 18257 21898 92592 24891 43228 
7702 18
44431 44954 69145 29319 42188 22798 10293 23592 68778 77442 95141 8305 84473 57316 45200 81986 9761 129 
4772 11
14058 5871 80451 61067 15021 57075 10587 73300 20258 56268 48141 
3628 9
33758 28325 10089 22327 70186 1000 32745 25626 44963 
2176 12
14338 45715 74899 47153 44644 54381 94953 11353 59273 48618 48137 27705 
1065 17
77947 91882 87160 78289 73016 56400 93966 54970 9015 76483 33295 36080 59899 39346 28543 50281 9836 
7908 17
44321 44520 30794 34104 76460 49429 34323 59497 44876 98041 50020 27706 60343 90029 28502 51800 97239 
1475 9
4597 72781 44559 86472 73586 65092 99146 75612 27977 
1815 17
46231 11472 77584 53452 93261 73409 66241 96408 32932 62223 72567 19271 20432 52911 7803 36287 72742 
1104 12
55890 58287 47255 17348 94172 3806 3022 92947 77783 91881 62150 69450 
3536 10
84469 26612 91468 2153 94519 7099 63716 82930 30838 25393 
4667 10
89879 60890 10076 55608 13365 17554 90290 77300 13143 91153 
1583 9
51661 3175 55081 83788 70635 83539 61582 50676 11536 
699 17
23773 32827 7888 92304 82912 94146 54313 28292 89322 74873 49052 67302 2040 21691 48721 57289 34845 
4149 14
70515 32801 27816 18220 21724 7599 91343 38224 87792 1008 66456 76588 69457 85027 
8500 12
4195 50246 34663 49449 50552 66287 72094 78172 75993 38208 68598 23353 
4719 9
84992 31654 77935 19413 84150 63976 24329 38691 91482 
1803 20
11354 55820 66257 6187 40407 20220 4746 88812 30171 99296 99959 65450 15430 29714 49557 60834 74092 90642 4666 39287 
8543 11
418 8552 26499 76542 22740 40890 8755 13968 48140 8409 71101 
3520 16
17340 84153 15055 62718 15549 93530 6933 54409 58047 64111 77097 8184 42699 98266 51922 82462 
8923 12
58545 59575 81985 43674 4086 73575 60193 62108 18916 52393 84962 51239 
1417 7
70597 5296 68414 76016 65627 89133 1736 
5723 16
71578 12861 57518 63477 30312 92131 94210 24408 38371 38632 62640 99295 59787 10708 43470 64924 
2348 11
29342 75198 46751 8266 92914 97489 93827 91167 97491 71503 67609 
1603 15
45451 3401 67702 1478 65493 69034 29990 25215 70693 29603 62512 22941 91212 64885 64443 
3560 14
79096 86281 905 7808 72829 43330 33925 89405 69289 57584 9078 32669 50046 34503 
9312 15
88158 34322 5353 76324 96352 59080 77836 93431 41740 95765 72320 88418 70382 21840 20782 
1633 9
98360 43435 94786 72121 5312 58188 25661 94223 76842 
2752 13
42004 60704 22563 17569 1151 72096 48863 9004 17011 7666 14001 35519 87812 
9182 17
90879 44973 30453 93808 70878 31401 74689 85098 70696 37440 53019 95891 83200 90723 69375 22630 52385 
